Timestamp	Rule	Class	ID	NumRules	NumVars	Acc	AUC	CONF	Cov	FPR	G-Mean	GR	GR_Pct	Jacc	SuppDiff	Supp	TNR	TPR	WRAcc	WRAcc_Norm
1.000000	0	class1	-1157900651	------	5.000000	0.575467	0.580199	0.536753	0.564133	0.489388	0.576010	1.327750	1.000000	0.416315	0.160397	0.302800	0.510612	0.649785	0.039914	0.580199	
1.000000	1	class2	-1116274794	------	3.000000	0.575467	0.580217	0.625650	0.435600	0.349928	0.575996	1.458475	1.000000	0.390972	0.160434	0.272533	0.650072	0.510362	0.039923	0.580217	
------	------	------	------	2.000000	4.000000	0.575467	0.580208	0.581201	0.499867	0.419658	0.576003	1.393113	1.000000	0.403643	0.160415	0.287667	0.580342	0.580074	0.039918	0.580208	
2.000000	0	class1	-1340848613	------	4.000000	0.578400	0.582955	0.542115	0.569867	0.491956	0.578121	1.337244	1.000000	0.422887	0.165909	0.308933	0.508044	0.657865	0.041324	0.582955	
2.000000	1	class2	-1898870234	------	4.000000	0.600533	0.596887	0.615693	0.565867	0.463089	0.593866	1.418437	1.000000	0.465858	0.193774	0.348400	0.536911	0.656863	0.048264	0.596887	
------	------	------	------	2.000000	4.000000	0.589467	0.589921	0.578904	0.567867	0.477522	0.585994	1.377840	1.000000	0.444373	0.179841	0.328667	0.522478	0.657364	0.044794	0.589921	
3.000000	0	class1	818434087	------	6.000000	0.564800	0.571742	0.515080	0.565867	0.500974	0.567099	1.286410	1.000000	0.401101	0.143484	0.291467	0.499026	0.644458	0.035544	0.571742	
3.000000	1	class2	-1898870234	------	4.000000	0.600933	0.594655	0.629320	0.574800	0.471108	0.591007	1.401840	1.000000	0.475464	0.189310	0.361733	0.528892	0.660419	0.046896	0.594655	
------	------	------	------	2.000000	5.000000	0.582867	0.583199	0.572200	0.570333	0.486041	0.579053	1.344125	1.000000	0.438283	0.166397	0.326600	0.513959	0.652438	0.041220	0.583199	
4.000000	0	class1	2119205921	------	5.000000	0.591467	0.584844	0.549451	0.424667	0.348216	0.581001	1.487307	1.000000	0.363523	0.169688	0.233333	0.651784	0.517905	0.042007	0.584844	
4.000000	1	class2	947326654	------	5.000000	0.591733	0.585193	0.622882	0.574533	0.480912	0.581448	1.354300	1.000000	0.467108	0.170387	0.357867	0.519088	0.651298	0.042180	0.585193	
------	------	------	------	2.000000	5.000000	0.591600	0.585019	0.586166	0.499600	0.414564	0.581224	1.420803	1.000000	0.415315	0.170037	0.295600	0.585436	0.584601	0.042093	0.585019	
5.000000	0	class1	-1040634475	------	6.000000	0.580533	0.575620	0.543259	0.436133	0.366986	0.572752	1.412116	1.000000	0.360959	0.151241	0.236933	0.633014	0.518227	0.037533	0.575620	
5.000000	1	class2	-254681788	------	6.000000	0.580400	0.575613	0.609531	0.562400	0.480315	0.572889	1.314846	1.000000	0.449633	0.151225	0.342800	0.519685	0.631540	0.037529	0.575613	
------	------	------	------	2.000000	6.000000	0.580467	0.575617	0.576395	0.499267	0.423650	0.572821	1.363481	1.000000	0.405296	0.151233	0.289867	0.576350	0.574884	0.037531	0.575617	
6.000000	0	class1	40134095	------	6.000000	0.593200	0.581654	0.596040	0.316533	0.240170	0.553692	1.679969	1.000000	0.316838	0.163308	0.188667	0.759830	0.403479	0.040656	0.581654	
6.000000	1	class2	-1906752566	------	4.000000	0.591733	0.587496	0.608686	0.571067	0.477901	0.583844	1.366166	1.000000	0.459869	0.174991	0.347600	0.522099	0.652893	0.043564	0.587496	
------	------	------	------	2.000000	5.000000	0.592467	0.584575	0.602363	0.443800	0.359036	0.568768	1.523068	1.000000	0.388354	0.169150	0.268133	0.640964	0.528186	0.042110	0.584575	
7.000000	0	class1	1690207695	------	6.000000	0.625333	0.611119	0.639896	0.308800	0.206333	0.583218	2.077081	1.000000	0.345294	0.222238	0.197600	0.793667	0.428571	0.055223	0.611119	
7.000000	1	class2	-56551054	------	6.000000	0.611733	0.607359	0.633444	0.564533	0.448814	0.604756	1.478413	1.000000	0.479442	0.214719	0.357600	0.551186	0.663533	0.053354	0.607359	
------	------	------	------	2.000000	6.000000	0.618533	0.609239	0.636670	0.436667	0.327574	0.593987	1.777747	1.000000	0.412368	0.218478	0.277600	0.672426	0.546052	0.054288	0.609239	
8.000000	0	class1	-1212315639	------	7.000000	0.612667	0.594928	0.609195	0.301600	0.215557	0.563936	1.880769	1.000000	0.321737	0.189856	0.183733	0.784443	0.405413	0.047048	0.594928	
8.000000	1	class2	-56545096	------	5.000000	0.598533	0.592077	0.625808	0.577600	0.476905	0.588044	1.386143	1.000000	0.473785	0.184153	0.361467	0.523095	0.661058	0.045635	0.592077	
------	------	------	------	2.000000	6.000000	0.605600	0.593502	0.617502	0.439600	0.346231	0.575990	1.633456	1.000000	0.397761	0.187005	0.272600	0.653769	0.533236	0.046342	0.593502	
9.000000	0	class1	-1174188435	------	7.000000	0.614133	0.598475	0.621729	0.300667	0.210254	0.567086	1.936721	1.000000	0.326350	0.196949	0.186933	0.789746	0.407203	0.048907	0.598475	
9.000000	1	class2	689586552	------	6.000000	0.592933	0.600857	0.662670	0.411467	0.302353	0.593010	1.667150	1.000000	0.401138	0.201714	0.272667	0.697647	0.504067	0.050091	0.600857	
------	------	------	------	2.000000	6.500000	0.603533	0.599666	0.642200	0.356067	0.256303	0.580048	1.801935	1.000000	0.363744	0.199332	0.229800	0.743697	0.455635	0.049499	0.599666	
10.000000	0	class1	-1174188435	------	7.000000	0.622267	0.607977	0.638195	0.304400	0.204658	0.578386	2.055194	1.000000	0.339627	0.215954	0.194267	0.795342	0.420612	0.053674	0.607977	
10.000000	1	class2	537803402	------	5.000000	0.601600	0.609007	0.669909	0.411200	0.293880	0.601214	1.741844	1.000000	0.408785	0.218013	0.275467	0.706120	0.511893	0.054186	0.609007	
------	------	------	------	2.000000	6.000000	0.611933	0.608492	0.654052	0.357800	0.249269	0.589800	1.898519	1.000000	0.374206	0.216983	0.234867	0.750731	0.466252	0.053930	0.608492	
11.000000	0	class1	-1174188435	------	7.000000	0.611733	0.597104	0.617252	0.307600	0.218186	0.567817	1.890105	1.000000	0.328413	0.194209	0.189867	0.781814	0.412395	0.048248	0.597104	
11.000000	1	class2	319490256	------	7.000000	0.597867	0.606316	0.671092	0.401733	0.286997	0.596856	1.740888	1.000000	0.401350	0.212633	0.269600	0.713003	0.499629	0.052825	0.606316	
------	------	------	------	2.000000	7.000000	0.604800	0.601710	0.644172	0.354667	0.252592	0.582337	1.815497	1.000000	0.364882	0.203421	0.229733	0.747408	0.456012	0.050536	0.601710	
12.000000	0	class1	2093296283	------	7.000000	0.606533	0.591380	0.610132	0.302667	0.218572	0.560011	1.836155	1.000000	0.319419	0.182760	0.184667	0.781428	0.401333	0.045400	0.591380	
12.000000	1	class2	537803402	------	5.000000	0.591467	0.599338	0.660476	0.409200	0.301941	0.591152	1.657995	1.000000	0.398154	0.198676	0.270267	0.698059	0.500617	0.049353	0.599338	
------	------	------	------	2.000000	6.000000	0.599000	0.595359	0.635304	0.355933	0.260257	0.575581	1.747075	1.000000	0.358786	0.190718	0.227467	0.739743	0.450975	0.047376	0.595359	
13.000000	0	class1	2093296283	------	7.000000	0.609067	0.592255	0.602509	0.308267	0.224475	0.563185	1.821960	1.000000	0.322081	0.184509	0.185733	0.775525	0.408984	0.045739	0.592255	
13.000000	1	class2	-946979306	------	7.000000	0.580533	0.590197	0.656850	0.402933	0.304463	0.580720	1.592497	1.000000	0.386864	0.180393	0.264667	0.695537	0.484856	0.044719	0.590197	
------	------	------	------	2.000000	7.000000	0.594800	0.591226	0.629679	0.355600	0.264469	0.571952	1.707228	1.000000	0.354473	0.182451	0.225200	0.735531	0.446920	0.045229	0.591226	
14.000000	0	class1	-1578773151	------	6.000000	0.601733	0.593288	0.620489	0.321467	0.232706	0.567197	1.801769	1.000000	0.333705	0.186577	0.199467	0.767294	0.419283	0.046534	0.593288	
14.000000	1	class2	1007653648	------	6.000000	0.588000	0.593137	0.640803	0.398667	0.301009	0.583615	1.618835	1.000000	0.382741	0.186275	0.255467	0.698991	0.487284	0.046459	0.593137	
------	------	------	------	2.000000	6.000000	0.594867	0.593213	0.630646	0.360067	0.266857	0.575406	1.710302	1.000000	0.358223	0.186426	0.227467	0.733143	0.453283	0.046497	0.593213	
15.000000	0	class1	-1578773151	------	6.000000	0.610800	0.595878	0.615318	0.306400	0.218218	0.566136	1.878738	1.000000	0.326333	0.191756	0.188533	0.781782	0.409974	0.047630	0.595878	
15.000000	1	class2	1001933590	------	7.000000	0.587200	0.594713	0.653784	0.414000	0.311685	0.587301	1.607750	1.000000	0.396020	0.189426	0.270667	0.688315	0.501111	0.047051	0.594713	
------	------	------	------	2.000000	6.500000	0.599000	0.595296	0.634551	0.360200	0.264951	0.576719	1.743244	1.000000	0.361177	0.190591	0.229600	0.735049	0.455542	0.047341	0.595296	
16.000000	0	class1	-1578773151	------	6.000000	0.615733	0.596787	0.608850	0.301333	0.214251	0.566081	1.903489	1.000000	0.323156	0.193573	0.183467	0.785749	0.407825	0.047907	0.596787	
16.000000	1	class2	2014626122	------	6.000000	0.593200	0.602344	0.671015	0.419067	0.306461	0.595400	1.667907	1.000000	0.408721	0.204688	0.281200	0.693539	0.511149	0.050657	0.602344	
------	------	------	------	2.000000	6.000000	0.604467	0.599565	0.639932	0.360200	0.260356	0.580741	1.785698	1.000000	0.365939	0.199131	0.232333	0.739644	0.459487	0.049282	0.599565	
17.000000	0	class1	-462658777	------	5.000000	0.610000	0.592993	0.606766	0.303467	0.218880	0.562361	1.849720	1.000000	0.320715	0.185987	0.184133	0.781120	0.404867	0.046117	0.592993	
17.000000	1	class2	-1048578940	------	6.000000	0.581733	0.597889	0.692246	0.330133	0.223395	0.570554	1.876379	1.000000	0.353329	0.195778	0.228533	0.776605	0.419173	0.048545	0.597889	
------	------	------	------	2.000000	5.500000	0.595867	0.595441	0.649506	0.316800	0.221137	0.566457	1.863049	1.000000	0.337022	0.190883	0.206333	0.778863	0.412020	0.047331	0.595441	
18.000000	0	class1	-462658777	------	5.000000	0.606533	0.592640	0.616438	0.301733	0.215813	0.560831	1.858519	1.000000	0.320985	0.185280	0.186000	0.784187	0.401093	0.046076	0.592640	
18.000000	1	class2	-1048578940	------	6.000000	0.585067	0.598136	0.685563	0.326933	0.221679	0.570351	1.885388	1.000000	0.350720	0.196272	0.224133	0.778321	0.417951	0.048810	0.598136	
------	------	------	------	2.000000	5.500000	0.595800	0.595388	0.651001	0.314333	0.218746	0.565591	1.871954	1.000000	0.335852	0.190776	0.205067	0.781254	0.409522	0.047443	0.595388	
19.000000	0	class1	-462658777	------	5.000000	0.607733	0.594921	0.628339	0.294533	0.205713	0.560521	1.922847	1.000000	0.320554	0.189841	0.185067	0.794287	0.395554	0.047264	0.594921	
19.000000	1	class2	-1048578940	------	6.000000	0.590667	0.602323	0.688807	0.325200	0.216301	0.574366	1.946118	1.000000	0.353684	0.204646	0.224000	0.783699	0.420947	0.050950	0.602323	
------	------	------	------	2.000000	5.500000	0.599200	0.598622	0.658573	0.309867	0.211007	0.567443	1.934482	1.000000	0.337119	0.197244	0.204533	0.788993	0.408251	0.049107	0.598622	
20.000000	0	class1	-462658777	------	5.000000	0.614133	0.601370	0.633319	0.302533	0.207948	0.570339	1.974959	1.000000	0.331794	0.202741	0.191600	0.792052	0.410689	0.050458	0.601370	
20.000000	1	class2	-714718518	------	5.000000	0.591467	0.603434	0.690370	0.328133	0.217777	0.576339	1.949907	1.000000	0.356708	0.206867	0.226533	0.782223	0.424644	0.051485	0.603434	
------	------	------	------	2.000000	5.000000	0.602800	0.602402	0.661844	0.315333	0.212862	0.573339	1.962433	1.000000	0.344251	0.204804	0.209067	0.787138	0.417666	0.050972	0.602402	
21.000000	0	class1	-1402924139	------	5.000000	0.612000	0.600530	0.635403	0.302800	0.208302	0.569290	1.965233	1.000000	0.331496	0.201060	0.192400	0.791698	0.409362	0.050084	0.600530	
21.000000	1	class2	-714718518	------	5.000000	0.589333	0.600519	0.686692	0.319600	0.213050	0.570847	1.943622	1.000000	0.348286	0.201038	0.219467	0.786950	0.414088	0.050079	0.600519	
------	------	------	------	2.000000	5.000000	0.600667	0.600525	0.661047	0.311200	0.210676	0.570069	1.954428	1.000000	0.339891	0.201049	0.205933	0.789324	0.411725	0.050081	0.600525	
22.000000	0	class1	-1230970487	------	4.000000	0.612667	0.596576	0.608454	0.312267	0.224370	0.569071	1.860861	1.000000	0.329099	0.193151	0.190000	0.775630	0.417521	0.047898	0.596576	
22.000000	1	class2	852697558	------	4.000000	0.576267	0.592821	0.686960	0.324133	0.222971	0.563475	1.832582	1.000000	0.344472	0.185642	0.222667	0.777029	0.408613	0.046036	0.592821	
------	------	------	------	2.000000	4.000000	0.594467	0.594698	0.647707	0.318200	0.223670	0.566273	1.846721	1.000000	0.336786	0.189396	0.206333	0.776330	0.413067	0.046967	0.594698	
23.000000	0	class1	-1230970487	------	4.000000	0.614800	0.600082	0.627051	0.300667	0.208271	0.568656	1.961068	1.000000	0.328608	0.200163	0.188533	0.791729	0.408434	0.049746	0.600082	
23.000000	1	class2	-606894186	------	5.000000	0.590000	0.603379	0.692369	0.333733	0.222415	0.577684	1.929606	1.000000	0.360441	0.206758	0.231067	0.777585	0.429173	0.051385	0.603379	
------	------	------	------	2.000000	4.500000	0.602400	0.601730	0.659710	0.317200	0.215343	0.573170	1.945337	1.000000	0.344524	0.203461	0.209800	0.784657	0.418804	0.050565	0.601730	
24.000000	0	class1	-1230970487	------	4.000000	0.615333	0.600053	0.616304	0.312400	0.220885	0.572714	1.905934	1.000000	0.333564	0.200107	0.192533	0.779115	0.420991	0.049662	0.600053	
24.000000	1	class2	-1619586718	------	5.000000	0.589467	0.605286	0.704162	0.323600	0.209329	0.576198	2.005937	1.000000	0.356934	0.210572	0.227867	0.790671	0.419902	0.052260	0.605286	
------	------	------	------	2.000000	4.500000	0.602400	0.602670	0.660233	0.318000	0.215107	0.574456	1.955935	1.000000	0.345249	0.205340	0.210200	0.784893	0.420446	0.050961	0.602670	
25.000000	0	class1	1151413025	------	4.000000	0.614533	0.602110	0.627284	0.313733	0.218703	0.574829	1.933774	1.000000	0.337989	0.204219	0.196800	0.781297	0.422923	0.050809	0.602110	
25.000000	1	class2	-1619586718	------	5.000000	0.597600	0.610370	0.704452	0.323467	0.205444	0.581917	2.074455	1.000000	0.361540	0.220740	0.227867	0.794556	0.426185	0.054920	0.610370	
------	------	------	------	2.000000	4.500000	0.606067	0.606240	0.665868	0.318600	0.212074	0.578373	2.004114	1.000000	0.349765	0.212480	0.212333	0.787926	0.424554	0.052865	0.606240	
