Timestamp	Rule	Class	NumRules	NumVars	Acc	AUC	CONF	Cov	FPR	G-Mean	GR	GR_Pct	Jacc	SuppDiff	Supp	TNR	TPR	WRAcc	WRAcc_Norm	ExecTime_ms
1.000000	------	------	15.000000	4.066667	0.517947	0.508649	0.465892	0.118773	0.110210	0.263301	1.050353	0.866667	0.102285	0.017298	0.062427	0.889790	0.127509	0.004303	0.508649	182.000000
2.000000	------	------	14.000000	2.214286	0.509086	0.500320	0.476260	0.114743	0.114320	0.250522	0.977749	0.428571	0.090524	0.000640	0.056200	0.885680	0.114960	0.000159	0.500320	63.000000
3.000000	------	------	13.000000	2.692308	0.512185	0.510581	0.548541	0.110062	0.099954	0.241916	1.355313	0.846154	0.091086	0.021162	0.057846	0.900046	0.121116	0.005274	0.510581	57.000000
4.000000	------	------	10.000000	2.400000	0.506520	0.502481	0.537120	0.140600	0.138220	0.306477	1.270026	0.700000	0.113169	0.004961	0.069160	0.861780	0.143181	0.001231	0.502481	51.000000
5.000000	------	------	14.000000	2.571429	0.498686	0.499279	0.523592	0.105429	0.105889	0.217006	1.190467	0.428571	0.075865	-0.001443	0.049943	0.894111	0.104447	-0.000359	0.499279	54.000000
6.000000	------	------	10.000000	2.200000	0.519560	0.507462	0.512869	0.168120	0.160555	0.329655	1.390490	0.600000	0.135994	0.014924	0.082680	0.839445	0.175480	0.003710	0.507462	47.000000
7.000000	------	------	14.000000	2.357143	0.506029	0.504818	0.498950	0.170086	0.165586	0.301898	1.064051	0.642857	0.128542	0.009635	0.083429	0.834414	0.175221	0.002399	0.504818	53.000000
8.000000	------	------	8.000000	2.250000	0.518550	0.513306	0.548502	0.160250	0.147176	0.341596	1.285474	1.000000	0.137699	0.026611	0.084100	0.852824	0.173787	0.006641	0.513306	69.000000
9.000000	------	------	10.000000	2.400000	0.513840	0.507459	0.556705	0.069520	0.062281	0.240276	1.388077	0.900000	0.069513	0.014918	0.036840	0.937719	0.077199	0.003695	0.507459	50.000000
10.000000	------	------	10.000000	2.300000	0.520680	0.519972	0.610708	0.167960	0.147697	0.339196	2.079574	0.900000	0.147674	0.039944	0.094320	0.852303	0.187641	0.009868	0.519972	49.000000
11.000000	------	------	9.000000	2.333333	0.521956	0.518891	0.620984	0.132178	0.112986	0.289634	1.903535	0.888889	0.125232	0.037781	0.079289	0.887014	0.150768	0.009385	0.518891	50.000000
12.000000	------	------	17.000000	2.823529	0.509318	0.505307	0.513680	0.183412	0.178263	0.324378	1.237457	0.529412	0.142651	0.010615	0.092729	0.821737	0.188878	0.002636	0.505307	47.000000
13.000000	------	------	11.000000	3.363636	0.510582	0.512187	0.623462	0.080145	0.069080	0.210135	INFINITY	0.909091	0.072375	0.024373	0.042982	0.930920	0.093453	0.006026	0.512187	34.000000
14.000000	------	------	8.000000	2.250000	0.523100	0.507839	0.457971	0.133300	0.126446	0.275781	1.180625	0.500000	0.107786	0.015678	0.064400	0.873554	0.142124	0.003872	0.507839	36.000000
15.000000	------	------	19.000000	2.578947	0.510253	0.505303	0.478147	0.193726	0.188672	0.323794	0.982491	0.578947	0.147224	0.010607	0.096253	0.811328	0.199278	0.002631	0.505303	42.000000
16.000000	------	------	10.000000	2.200000	0.511040	0.513164	0.544434	0.157520	0.144364	0.341314	1.215193	0.800000	0.137384	0.026327	0.084280	0.855636	0.170691	0.006543	0.513164	35.000000
17.000000	------	------	13.000000	2.538462	0.512554	0.502621	0.517783	0.106369	0.103640	0.258272	1.221168	0.615385	0.085128	0.005241	0.050462	0.896360	0.108881	0.001299	0.502621	43.000000
18.000000	------	------	10.000000	2.700000	0.505040	0.503174	0.542998	0.097600	0.094565	0.242688	1.324026	0.700000	0.079191	0.006349	0.048240	0.905435	0.100914	0.001581	0.503174	41.000000
19.000000	------	------	11.000000	3.454545	0.505636	0.514196	0.624151	0.200982	0.186899	0.339940	INFINITY	1.000000	0.161271	0.028392	0.107345	0.813101	0.215290	0.007073	0.514196	37.000000
20.000000	------	------	10.000000	2.000000	0.510840	0.510274	0.569612	0.188200	0.177746	0.337595	2.062264	0.700000	0.148751	0.020548	0.095920	0.822254	0.198294	0.005110	0.510274	33.000000
21.000000	------	------	12.000000	2.666667	0.516333	0.513212	0.528920	0.091200	0.078244	0.249841	1.300606	0.750000	0.085818	0.026423	0.050367	0.921756	0.104667	0.006562	0.513212	37.000000
22.000000	------	------	12.000000	2.500000	0.523500	0.506109	0.527817	0.161167	0.155030	0.285458	1.341833	0.750000	0.124832	0.012217	0.081333	0.844970	0.167247	0.003031	0.506109	34.000000
23.000000	------	------	13.000000	2.076923	0.511015	0.504676	0.525638	0.208031	0.203539	0.343662	1.294282	0.615385	0.155477	0.009352	0.100585	0.796461	0.212891	0.002328	0.504676	36.000000
24.000000	------	------	10.000000	2.100000	0.506880	0.508077	0.541420	0.222960	0.215003	0.346592	1.274948	0.500000	0.172941	0.016154	0.118800	0.784997	0.231157	0.004014	0.508077	34.000000
25.000000	------	------	13.000000	2.153846	0.513046	0.506680	0.514443	0.177754	0.171428	0.314467	1.191123	0.846154	0.132508	0.013359	0.084092	0.828572	0.184787	0.003294	0.506680	36.000000
26.000000	------	------	12.000000	2.333333	0.519833	0.509100	0.540140	0.172900	0.163573	0.339634	1.402741	0.750000	0.141842	0.018199	0.089433	0.836427	0.181772	0.004518	0.509100	34.000000
27.000000	------	------	8.000000	6.875000	0.515500	0.507149	0.613660	0.090500	0.082738	0.191003	1.668973	1.000000	0.077289	0.014298	0.053000	0.917262	0.097036	0.003542	0.507149	34.000000
28.000000	------	------	19.000000	2.684211	0.512168	0.501631	0.513571	0.155684	0.154071	0.275111	1.164968	0.631579	0.114459	0.003262	0.075684	0.845929	0.157332	0.000811	0.501631	34.000000
29.000000	------	------	11.000000	2.454545	0.514909	0.512476	0.578551	0.128800	0.116411	0.299845	1.500813	0.818182	0.117171	0.024952	0.073709	0.883589	0.141363	0.006196	0.512476	33.000000
30.000000	------	------	14.000000	2.000000	0.505914	0.506241	0.558099	0.190543	0.184614	0.313910	1.760847	0.714286	0.140597	0.012482	0.093200	0.815386	0.197096	0.003105	0.506241	38.000000
31.000000	------	------	12.000000	2.500000	0.507533	0.508089	0.553382	0.125400	0.117467	0.289712	1.463495	0.750000	0.107874	0.016178	0.066467	0.882533	0.133645	0.004020	0.508089	35.000000
32.000000	------	------	9.000000	1.888889	0.508667	0.507881	0.541365	0.261822	0.253407	0.392385	1.153303	0.777778	0.204829	0.015763	0.142044	0.746593	0.269169	0.003914	0.507881	36.000000
33.000000	------	------	10.000000	2.300000	0.507000	0.506923	0.527838	0.097400	0.090844	0.257164	1.219432	0.600000	0.090270	0.013847	0.052200	0.909156	0.104691	0.003448	0.506923	37.000000
34.000000	------	------	12.000000	2.666667	0.517033	0.506395	0.555911	0.133967	0.127675	0.291885	1.735131	0.666667	0.111292	0.012790	0.067633	0.872325	0.140464	0.003169	0.506395	36.000000
35.000000	------	------	16.000000	2.125000	0.506775	0.504843	0.566640	0.126525	0.121929	0.273643	INFINITY	0.500000	0.103711	0.009685	0.064100	0.878071	0.131614	0.002405	0.504843	35.000000
36.000000	------	------	14.000000	2.357143	0.513314	0.508234	0.543999	0.156800	0.148793	0.297355	1.703034	0.785714	0.124632	0.016468	0.078543	0.851207	0.165261	0.004083	0.508234	36.000000
37.000000	------	------	14.000000	2.357143	0.510686	0.503905	0.539192	0.091714	0.087798	0.240129	1.491724	0.785714	0.076884	0.007809	0.045257	0.912202	0.095607	0.001939	0.503905	36.000000
38.000000	------	------	10.000000	2.500000	0.509680	0.503434	0.589395	0.107280	0.103961	0.236999	INFINITY	0.600000	0.084005	0.006869	0.052160	0.896039	0.110830	0.001710	0.503434	32.000000
39.000000	------	------	14.000000	2.285714	0.502571	0.508317	0.501336	0.145371	0.137365	0.292318	1.100005	0.714286	0.117402	0.016634	0.073971	0.862635	0.153999	0.004134	0.508317	35.000000
40.000000	------	------	15.000000	3.000000	0.512240	0.511213	0.526668	0.190800	0.179941	0.314853	1.456636	0.866667	0.146277	0.022427	0.096240	0.820059	0.202368	0.005544	0.511213	34.000000
41.000000	------	------	15.000000	2.266667	0.496560	0.503044	0.540120	0.190827	0.187982	0.335272	1.231961	0.666667	0.144952	0.006088	0.095173	0.812018	0.194070	0.001510	0.503044	31.000000
42.000000	------	------	12.000000	3.166667	0.509300	0.504092	0.479539	0.159633	0.155695	0.277663	1.155572	0.583333	0.120370	0.008185	0.077567	0.844305	0.163880	0.002040	0.504092	35.000000
43.000000	------	------	16.000000	2.437500	0.513625	0.511351	0.549110	0.144725	0.133475	0.283304	1.294247	0.812500	0.118993	0.022703	0.077500	0.866525	0.156178	0.005659	0.511351	42.000000
44.000000	------	------	12.000000	3.250000	0.503467	0.508862	0.532771	0.076200	0.067084	0.235915	1.178581	0.750000	0.075795	0.017725	0.043300	0.932916	0.084808	0.004423	0.508862	32.000000
45.000000	------	------	10.000000	3.400000	0.505440	0.503929	0.526798	0.132400	0.128362	0.289194	1.214040	0.500000	0.106574	0.007858	0.065280	0.871638	0.136221	0.001954	0.503929	33.000000
46.000000	------	------	12.000000	2.166667	0.516567	0.508613	0.558233	0.196967	0.189072	0.337864	2.465448	0.750000	0.146864	0.017226	0.094367	0.810928	0.206298	0.004264	0.508613	35.000000
47.000000	------	------	20.000000	3.200000	0.509500	0.506167	0.543141	0.123820	0.117998	0.272401	1.278477	0.800000	0.102403	0.012333	0.063380	0.882002	0.130331	0.003070	0.506167	41.000000
48.000000	------	------	14.000000	3.142857	0.505200	0.501841	0.624500	0.107657	0.105704	0.239685	INFINITY	0.785714	0.085034	0.003683	0.053000	0.894296	0.109387	0.000919	0.501841	37.000000
49.000000	------	------	13.000000	2.461538	0.510985	0.507857	0.501349	0.141323	0.133420	0.285316	1.134558	0.692308	0.109714	0.015714	0.067292	0.866580	0.149134	0.003836	0.507857	34.000000
50.000000	------	------	13.000000	3.076923	0.522615	0.508180	0.539078	0.163015	0.154679	0.314618	1.603584	0.615385	0.131873	0.016361	0.083200	0.845321	0.171040	0.004049	0.508180	35.000000
51.000000	------	------	9.000000	3.555556	0.497333	0.503899	0.647190	0.155733	0.152054	0.262456	INFINITY	0.555556	0.111529	0.007799	0.074444	0.847946	0.159853	0.001939	0.503899	32.000000
52.000000	------	------	10.000000	2.300000	0.501840	0.512593	0.614485	0.184080	0.172126	0.335174	3.220269	0.900000	0.146023	0.025186	0.092960	0.827874	0.197312	0.006224	0.512593	32.000000
53.000000	------	------	10.000000	2.200000	0.515480	0.513121	0.557750	0.192840	0.180511	0.325877	1.464393	0.900000	0.146538	0.026242	0.095600	0.819489	0.206753	0.006512	0.513121	35.000000
54.000000	------	------	9.000000	2.333333	0.511467	0.512741	0.609358	0.115289	0.103030	0.278791	1.967776	0.777778	0.102757	0.025482	0.061822	0.896970	0.128513	0.006351	0.512741	38.000000
55.000000	------	------	14.000000	2.357143	0.511571	0.505281	0.517027	0.138486	0.133649	0.277048	1.230069	0.785714	0.108892	0.010562	0.068514	0.866351	0.144211	0.002618	0.505281	37.000000
56.000000	------	------	17.000000	2.882353	0.505929	0.506635	0.512464	0.108353	0.102060	0.236897	1.242758	0.764706	0.090615	0.013270	0.058188	0.897940	0.115329	0.003301	0.506635	37.000000
57.000000	------	------	10.000000	2.400000	0.507920	0.506541	0.528771	0.120000	0.113762	0.270574	1.911515	0.800000	0.098842	0.013081	0.060400	0.886238	0.126843	0.003254	0.506541	32.000000
58.000000	------	------	9.000000	3.333333	0.509422	0.516864	0.655396	0.099289	0.082685	0.283001	INFINITY	0.888889	0.103562	0.033728	0.059689	0.917315	0.116413	0.008398	0.516864	34.000000
59.000000	------	------	10.000000	2.500000	0.515440	0.507456	0.529251	0.073520	0.066429	0.233269	1.256533	0.800000	0.070866	0.014912	0.038720	0.933571	0.081341	0.003716	0.507456	33.000000
60.000000	------	------	11.000000	2.545455	0.510509	0.514114	0.704052	0.069273	0.055225	0.260938	INFINITY	1.000000	0.076816	0.028227	0.041418	0.944775	0.083453	0.007025	0.514114	34.000000
61.000000	------	------	10.000000	1.500000	0.505360	0.515023	0.628411	0.202160	0.187217	0.348809	7.263650	0.600000	0.164720	0.030046	0.111360	0.812783	0.217263	0.007468	0.515023	34.000000
62.000000	------	------	10.000000	3.500000	0.513200	0.512730	0.491504	0.106720	0.094592	0.241825	1.268631	0.700000	0.093846	0.025461	0.056840	0.905408	0.120053	0.006340	0.512730	36.000000
63.000000	------	------	12.000000	3.000000	0.513500	0.509969	0.560612	0.096100	0.085659	0.255716	1.314544	0.833333	0.088642	0.019938	0.054800	0.914341	0.105597	0.004945	0.509969	36.000000
64.000000	------	------	14.000000	2.500000	0.512171	0.504992	0.545219	0.142971	0.138006	0.291736	1.381560	0.714286	0.113671	0.009983	0.071629	0.861994	0.147989	0.002491	0.504992	34.000000
65.000000	------	------	15.000000	2.200000	0.504027	0.504310	0.526151	0.197467	0.193319	0.351337	1.196124	0.733333	0.154240	0.008620	0.100027	0.806681	0.201939	0.002151	0.504310	34.000000
66.000000	------	------	10.000000	2.300000	0.505760	0.505453	0.541151	0.144000	0.138878	0.264218	1.367731	0.800000	0.106656	0.010906	0.070280	0.861122	0.149784	0.002703	0.505453	35.000000
67.000000	------	------	13.000000	2.615385	0.527846	0.506500	0.494547	0.133385	0.127372	0.263492	1.145378	0.846154	0.102707	0.013000	0.064277	0.872628	0.140372	0.003221	0.506500	36.000000
68.000000	------	------	14.000000	2.357143	0.508657	0.505267	0.550343	0.154600	0.149352	0.286925	1.376018	0.642857	0.118585	0.010533	0.078600	0.850648	0.159886	0.002614	0.505267	35.000000
69.000000	------	------	11.000000	2.636364	0.504545	0.509317	0.564520	0.158218	0.148179	0.326733	1.419046	0.636364	0.132951	0.018635	0.083127	0.851821	0.166814	0.004631	0.509317	35.000000
70.000000	------	------	9.000000	2.333333	0.504311	0.509691	0.522560	0.204044	0.195114	0.354426	1.182480	0.666667	0.158601	0.019382	0.101822	0.804886	0.214496	0.004811	0.509691	37.000000
71.000000	------	------	13.000000	3.615385	0.503723	0.500373	0.525113	0.092769	0.092383	0.217839	1.334610	0.538462	0.071845	0.000746	0.044092	0.907617	0.093129	0.000186	0.500373	35.000000
72.000000	------	------	9.000000	2.000000	0.520400	0.508458	0.500931	0.182533	0.174367	0.318608	1.154727	0.777778	0.138603	0.016917	0.088578	0.825633	0.191283	0.004193	0.508458	33.000000
73.000000	------	------	10.000000	2.400000	0.504000	0.507530	0.640375	0.123360	0.115976	0.277980	2.922452	0.900000	0.106114	0.015060	0.068160	0.884024	0.131035	0.003735	0.507530	35.000000
74.000000	------	------	11.000000	2.727273	0.516400	0.507773	0.594324	0.062364	0.055078	0.217235	INFINITY	0.727273	0.064059	0.015547	0.034364	0.944922	0.070625	0.003866	0.507773	34.000000
75.000000	------	------	13.000000	2.384615	0.508523	0.508516	0.560646	0.195292	0.186874	0.339641	1.400754	0.846154	0.152352	0.017033	0.100523	0.813126	0.203907	0.004236	0.508516	37.000000
76.000000	------	------	12.000000	2.333333	0.512900	0.509121	0.577298	0.139900	0.130785	0.313348	INFINITY	0.833333	0.120735	0.018243	0.073933	0.869215	0.149028	0.004545	0.509121	34.000000
77.000000	------	------	10.000000	2.100000	0.527160	0.519283	0.612023	0.093560	0.074591	0.293499	INFINITY	0.900000	0.102020	0.038567	0.056480	0.925409	0.113157	0.009584	0.519283	36.000000
78.000000	------	------	14.000000	2.071429	0.509686	0.507762	0.543021	0.227171	0.219153	0.365540	1.232843	0.928571	0.175050	0.015524	0.118429	0.780847	0.234677	0.003851	0.507762	36.000000
79.000000	------	------	16.000000	2.125000	0.503725	0.507363	0.540132	0.207625	0.199945	0.349152	1.182817	0.750000	0.161640	0.014726	0.108325	0.800055	0.214670	0.003655	0.507363	34.000000
80.000000	------	------	14.000000	2.285714	0.517143	0.503534	0.483788	0.129314	0.125722	0.265134	1.081391	0.500000	0.098327	0.007068	0.061400	0.874278	0.132790	0.001746	0.503534	34.000000
81.000000	------	------	13.000000	3.384615	0.498523	0.506832	0.510676	0.114585	0.107971	0.276196	1.074224	0.615385	0.099802	0.013663	0.060615	0.892029	0.121634	0.003399	0.506832	33.000000
82.000000	------	------	16.000000	3.062500	0.506400	0.501351	0.515273	0.138650	0.137379	0.290571	1.191248	0.562500	0.106366	0.002701	0.065775	0.862621	0.140080	0.000667	0.501351	32.000000
83.000000	------	------	13.000000	2.846154	0.513292	0.508792	0.570189	0.120277	0.111665	0.258071	1.578115	0.769231	0.098520	0.017584	0.062092	0.888335	0.129249	0.004386	0.508792	33.000000
84.000000	------	------	5.000000	2.000000	0.512160	0.522016	0.551667	0.072240	0.050386	0.247006	1.511342	0.800000	0.086797	0.044032	0.047600	0.949614	0.094418	0.010880	0.522016	33.000000
85.000000	------	------	16.000000	2.687500	0.511450	0.507423	0.537509	0.133450	0.126094	0.301897	1.447684	0.687500	0.113354	0.014846	0.069900	0.873906	0.140940	0.003705	0.507423	35.000000
86.000000	------	------	11.000000	2.363636	0.500800	0.503549	0.538054	0.157636	0.154240	0.294852	1.326846	0.636364	0.120823	0.007099	0.078255	0.845760	0.161338	0.001771	0.503549	56.000000
87.000000	------	------	14.000000	2.714286	0.503771	0.502300	0.527886	0.085943	0.083436	0.222328	1.293349	0.714286	0.070228	0.004600	0.042543	0.916564	0.088036	0.001145	0.502300	37.000000
88.000000	------	------	12.000000	2.333333	0.508500	0.509007	0.584537	0.130033	0.121428	0.290018	1.927692	0.833333	0.109383	0.018015	0.066000	0.878572	0.139443	0.004476	0.509007	37.000000
89.000000	------	------	12.000000	2.333333	0.495300	0.506456	0.583932	0.096900	0.090399	0.249009	1.723470	0.750000	0.085818	0.012911	0.054033	0.909601	0.103310	0.003199	0.506456	36.000000
90.000000	------	------	10.000000	1.900000	0.513080	0.509891	0.585030	0.075800	0.066293	0.260974	1.552620	0.900000	0.078240	0.019782	0.041720	0.933707	0.086075	0.004931	0.509891	37.000000
91.000000	------	------	13.000000	2.307692	0.505292	0.504223	0.524959	0.172554	0.168333	0.289682	1.218116	0.692308	0.127976	0.008445	0.085231	0.831667	0.176778	0.002103	0.504223	36.000000
92.000000	------	------	12.000000	2.416667	0.524600	0.511226	0.539833	0.106267	0.095831	0.267813	1.372755	0.833333	0.094903	0.022453	0.055967	0.904169	0.118284	0.005541	0.511226	37.000000
93.000000	------	------	11.000000	2.454545	0.526945	0.511605	0.524274	0.123273	0.112805	0.290096	INFINITY	0.727273	0.107073	0.023211	0.062109	0.887195	0.136016	0.005727	0.511605	39.000000
94.000000	------	------	11.000000	3.363636	0.514727	0.508419	0.573684	0.153055	0.144396	0.287825	INFINITY	0.818182	0.120404	0.016839	0.078436	0.855604	0.161234	0.004200	0.508419	38.000000
95.000000	------	------	15.000000	2.466667	0.502213	0.499422	0.506095	0.122613	0.123156	0.251642	1.106341	0.533333	0.091327	-0.001156	0.058880	0.876844	0.122000	-0.000289	0.499422	33.000000
96.000000	------	------	17.000000	2.176471	0.513059	0.503692	0.495039	0.184212	0.180371	0.331460	1.061564	0.529412	0.141379	0.007385	0.091224	0.819629	0.187756	0.001827	0.503692	34.000000
97.000000	------	------	13.000000	2.230769	0.507138	0.508275	0.554035	0.202369	0.194374	0.353163	1.453943	0.692308	0.161774	0.016550	0.106277	0.805626	0.210923	0.004111	0.508275	35.000000
98.000000	------	------	14.000000	2.500000	0.511343	0.506255	0.502701	0.141914	0.135702	0.305693	1.113494	0.714286	0.116803	0.012510	0.069943	0.864298	0.148212	0.003100	0.506255	35.000000
99.000000	------	------	11.000000	2.000000	0.506836	0.510241	0.585016	0.170909	0.160177	0.324143	1.527206	0.909091	0.142644	0.020481	0.094218	0.839823	0.180658	0.005089	0.510241	34.000000
100.000000	------	------	12.000000	3.000000	0.515333	0.507695	0.568536	0.115400	0.107963	0.276575	1.645812	0.583333	0.098176	0.015391	0.058167	0.892037	0.123354	0.003819	0.507695	36.000000
101.000000	------	------	16.000000	2.375000	0.513100	0.508573	0.532039	0.183550	0.175218	0.345549	1.174955	0.750000	0.149875	0.017147	0.096200	0.824782	0.192365	0.004267	0.508573	33.000000
102.000000	------	------	12.000000	2.333333	0.499500	0.503085	0.522789	0.115500	0.112283	0.262148	1.096392	0.750000	0.096798	0.006170	0.060633	0.887717	0.118454	0.001540	0.503085	32.000000
103.000000	------	------	13.000000	2.461538	0.515692	0.506279	0.502867	0.116277	0.110463	0.267669	1.250608	0.615385	0.098148	0.012559	0.058831	0.889537	0.123022	0.003122	0.506279	33.000000
104.000000	------	------	13.000000	2.384615	0.510462	0.505994	0.535619	0.148738	0.142464	0.287868	1.229884	0.615385	0.122411	0.011988	0.081323	0.857536	0.154452	0.002973	0.505994	32.000000
105.000000	------	------	12.000000	3.083333	0.515000	0.505661	0.531238	0.123933	0.118371	0.283708	1.507167	0.750000	0.103357	0.011322	0.061600	0.881629	0.129692	0.002805	0.505661	35.000000
106.000000	------	------	10.000000	2.000000	0.517120	0.508496	0.542683	0.136960	0.129166	0.308238	1.405687	0.800000	0.115630	0.016992	0.069040	0.870834	0.146158	0.004221	0.508496	33.000000
107.000000	------	------	13.000000	2.307692	0.497415	0.503586	0.541412	0.171231	0.167757	0.306182	1.222822	0.692308	0.129681	0.007172	0.086431	0.832243	0.174929	0.001771	0.503586	35.000000
108.000000	------	------	13.000000	2.692308	0.509785	0.503262	0.508157	0.102923	0.099938	0.256241	1.113498	0.769231	0.083389	0.006523	0.049292	0.900062	0.106462	0.001606	0.503262	35.000000
109.000000	------	------	13.000000	2.153846	0.516708	0.509672	0.550014	0.100923	0.091492	0.253310	1.324212	0.923077	0.089181	0.019343	0.053508	0.908508	0.110835	0.004821	0.509672	33.000000
110.000000	------	------	15.000000	2.266667	0.513493	0.510835	0.567509	0.132213	0.121658	0.289724	1.610504	0.800000	0.110800	0.021671	0.068293	0.878342	0.143329	0.005373	0.510835	35.000000
111.000000	------	------	5.000000	4.800000	0.496960	0.500652	0.565769	0.066560	0.065814	0.187304	2.002493	0.400000	0.058349	0.001305	0.036560	0.934186	0.067118	0.000323	0.500652	33.000000
112.000000	------	------	11.000000	2.181818	0.508109	0.510697	0.536542	0.147818	0.136871	0.321014	1.147356	0.727273	0.129342	0.021395	0.080509	0.863129	0.158266	0.005346	0.510697	32.000000
113.000000	------	------	9.000000	2.333333	0.510978	0.511257	0.565581	0.111156	0.100217	0.268190	1.401724	0.888889	0.096218	0.022514	0.059067	0.899783	0.122731	0.005599	0.511257	35.000000
114.000000	------	------	14.000000	3.214286	0.504771	0.505349	0.529891	0.110829	0.105936	0.265624	1.192253	0.714286	0.092379	0.010698	0.054800	0.894064	0.116634	0.002656	0.505349	35.000000
115.000000	------	------	5.000000	2.400000	0.498400	0.505966	0.543792	0.083600	0.077333	0.266813	1.184555	0.600000	0.080610	0.011932	0.044560	0.922667	0.089265	0.002968	0.505966	38.000000
116.000000	------	------	12.000000	2.083333	0.517567	0.512267	0.562456	0.118833	0.106543	0.292071	1.496102	0.750000	0.107380	0.024534	0.064400	0.893457	0.131078	0.006128	0.512267	36.000000
117.000000	------	------	12.000000	2.250000	0.515833	0.508028	0.537275	0.129367	0.121311	0.301955	1.251131	0.833333	0.110832	0.016056	0.066733	0.878689	0.137367	0.003994	0.508028	36.000000
118.000000	------	------	15.000000	2.466667	0.514773	0.504288	0.497107	0.127093	0.122934	0.272419	1.062900	0.666667	0.103156	0.008577	0.065200	0.877066	0.131511	0.002134	0.504288	34.000000
119.000000	------	------	8.000000	2.375000	0.509600	0.504580	0.575402	0.107900	0.102923	0.226133	1.582952	0.750000	0.087942	0.009160	0.058750	0.897077	0.112083	0.002275	0.504580	33.000000
120.000000	------	------	15.000000	3.133333	0.513867	0.507065	0.523762	0.155760	0.149015	0.314146	1.369567	0.666667	0.124840	0.014131	0.076480	0.850985	0.163146	0.003497	0.507065	35.000000
121.000000	------	------	11.000000	2.636364	0.516327	0.509986	0.577087	0.113382	0.103406	0.263499	2.716200	1.000000	0.096944	0.019971	0.058364	0.896594	0.123377	0.004948	0.509986	31.000000
122.000000	------	------	7.000000	2.142857	0.501657	0.510586	0.629877	0.146229	0.134614	0.293731	1.716549	0.857143	0.126741	0.021171	0.086286	0.865386	0.155786	0.005223	0.510586	33.000000
123.000000	------	------	10.000000	3.200000	0.508680	0.501325	0.536896	0.099800	0.098556	0.229140	INFINITY	0.600000	0.078022	0.002650	0.048080	0.901444	0.101206	0.000660	0.501325	35.000000
124.000000	------	------	13.000000	2.538462	0.516308	0.500715	0.499144	0.118954	0.118212	0.274902	1.156645	0.538462	0.094121	0.001430	0.055569	0.881788	0.119642	0.000355	0.500715	33.000000
125.000000	------	------	11.000000	2.181818	0.514909	0.508489	0.544650	0.136291	0.127479	0.294338	1.870686	0.818182	0.114081	0.016978	0.070582	0.872521	0.144457	0.004221	0.508489	37.000000
126.000000	------	------	14.000000	2.142857	0.515314	0.506064	0.571189	0.150114	0.144345	0.312835	2.081745	0.714286	0.124462	0.012128	0.075771	0.855655	0.156473	0.003019	0.506064	35.000000
127.000000	------	------	11.000000	2.272727	0.511564	0.513383	0.581696	0.133018	0.119998	0.311083	1.633679	0.818182	0.118444	0.026767	0.070764	0.880002	0.146765	0.006662	0.513383	33.000000
128.000000	------	------	13.000000	3.153846	0.498677	0.505515	0.529175	0.093508	0.087929	0.264746	1.093996	0.692308	0.087550	0.011031	0.050800	0.912071	0.098960	0.002739	0.505515	34.000000
129.000000	------	------	11.000000	2.727273	0.511164	0.502479	0.533862	0.114945	0.112617	0.238578	1.448367	0.727273	0.088751	0.004958	0.054509	0.887383	0.117575	0.001233	0.502479	34.000000
130.000000	------	------	10.000000	2.200000	0.519800	0.514386	0.574020	0.172760	0.158827	0.341148	1.644133	0.800000	0.142411	0.028771	0.088760	0.841173	0.187599	0.007152	0.514386	37.000000
131.000000	------	------	9.000000	3.333333	0.500622	0.509209	0.526937	0.206044	0.197766	0.319141	1.208827	0.555556	0.150526	0.018417	0.101156	0.802234	0.216184	0.004576	0.509209	34.000000
132.000000	------	------	15.000000	2.333333	0.505387	0.505259	0.524153	0.193867	0.188509	0.347170	1.117178	0.733333	0.153591	0.010518	0.100800	0.811491	0.199027	0.002616	0.505259	30.000000
133.000000	------	------	15.000000	2.600000	0.517360	0.507723	0.533901	0.140427	0.133457	0.314223	1.288363	0.800000	0.120082	0.015446	0.072160	0.866543	0.148903	0.003836	0.507723	35.000000
134.000000	------	------	9.000000	2.222222	0.488711	0.502465	0.517057	0.144756	0.142147	0.305571	1.053132	0.555556	0.114079	0.004931	0.069600	0.857853	0.147078	0.001220	0.502465	33.000000
135.000000	------	------	13.000000	2.461538	0.511415	0.504525	0.520292	0.147846	0.143871	0.290548	1.308492	0.692308	0.115442	0.009049	0.072708	0.856129	0.152921	0.002251	0.504525	34.000000
136.000000	------	------	11.000000	2.454545	0.513491	0.511067	0.534924	0.136436	0.125828	0.275544	1.387917	0.636364	0.111691	0.022134	0.070436	0.874172	0.147962	0.005509	0.511067	35.000000
137.000000	------	------	8.000000	2.375000	0.516300	0.512414	0.590897	0.121400	0.109451	0.288488	1.630728	0.875000	0.110731	0.024828	0.068850	0.890549	0.134279	0.006177	0.512414	34.000000
138.000000	------	------	14.000000	2.285714	0.508429	0.509903	0.556951	0.171743	0.162480	0.333749	1.315274	0.785714	0.142362	0.019805	0.090086	0.837520	0.182285	0.004915	0.509903	32.000000
139.000000	------	------	13.000000	3.769231	0.503200	0.501944	0.493851	0.175231	0.173105	0.296596	1.030237	0.461538	0.130707	0.003888	0.087938	0.826895	0.176992	0.000968	0.501944	33.000000
140.000000	------	------	9.000000	2.666667	0.494533	0.508346	0.586638	0.052756	0.043813	0.203857	1.476476	0.777778	0.056354	0.016692	0.032578	0.956187	0.060505	0.004125	0.508346	32.000000
141.000000	------	------	6.000000	2.666667	0.503933	0.503444	0.552901	0.051133	0.047575	0.220476	1.309023	0.833333	0.051534	0.006888	0.027533	0.952425	0.054463	0.001711	0.503444	34.000000
142.000000	------	------	13.000000	2.384615	0.508369	0.502824	0.473404	0.128092	0.125031	0.274687	1.012686	0.461538	0.101160	0.005648	0.060800	0.874969	0.130680	0.001389	0.502824	35.000000
143.000000	------	------	15.000000	2.333333	0.513893	0.507404	0.520186	0.147147	0.139854	0.282215	1.151727	0.666667	0.119171	0.014809	0.076400	0.860146	0.154663	0.003677	0.507404	35.000000
144.000000	------	------	6.000000	2.166667	0.519533	0.525710	0.617410	0.154067	0.128941	0.337173	1.799451	1.000000	0.141778	0.051420	0.086800	0.871059	0.180361	0.012759	0.525710	36.000000
145.000000	------	------	13.000000	2.461538	0.513692	0.498562	0.451276	0.154523	0.155435	0.298516	0.942262	0.461538	0.114411	-0.002876	0.070215	0.844565	0.152560	-0.000711	0.498562	35.000000
146.000000	------	------	8.000000	2.250000	0.498800	0.503851	0.573784	0.076400	0.072298	0.245427	1.525096	0.875000	0.072536	0.007702	0.041650	0.927702	0.080001	0.001917	0.503851	34.000000
147.000000	------	------	15.000000	2.200000	0.508880	0.502051	0.504572	0.184800	0.183288	0.317061	1.145711	0.466667	0.142037	0.004102	0.093760	0.816712	0.187390	0.001022	0.502051	36.000000
148.000000	------	------	15.000000	2.266667	0.507253	0.505607	0.517897	0.188080	0.182332	0.303814	INFINITY	0.533333	0.135434	0.011215	0.088933	0.817668	0.193547	0.002773	0.505607	34.000000
149.000000	------	------	12.000000	2.333333	0.522500	0.513651	0.560009	0.135967	0.122801	0.287198	1.764586	0.833333	0.114822	0.027302	0.071733	0.877199	0.150103	0.006801	0.513651	33.000000
150.000000	------	------	10.000000	2.400000	0.506640	0.507864	0.529888	0.134880	0.127136	0.296436	1.268178	0.700000	0.114673	0.015728	0.070760	0.872864	0.142864	0.003924	0.507864	35.000000
151.000000	------	------	14.000000	2.642857	0.514686	0.506023	0.529904	0.141657	0.136208	0.285246	1.278116	0.642857	0.110341	0.012045	0.068286	0.863792	0.148253	0.002954	0.506023	35.000000
152.000000	------	------	11.000000	2.272727	0.506764	0.508839	0.559622	0.134364	0.125812	0.308092	1.526797	0.818182	0.114484	0.017678	0.068655	0.874188	0.143490	0.004388	0.508839	34.000000
153.000000	------	------	17.000000	2.411765	0.509765	0.510190	0.566052	0.163765	0.153944	0.312731	1.582737	0.705882	0.130555	0.020380	0.082988	0.846056	0.174323	0.005058	0.510190	33.000000
154.000000	------	------	12.000000	3.666667	0.503500	0.500831	0.502255	0.137233	0.136439	0.265234	1.077235	0.500000	0.102004	0.001663	0.065700	0.863561	0.138101	0.000414	0.500831	32.000000
155.000000	------	------	11.000000	2.272727	0.508109	0.511815	0.558571	0.173745	0.162581	0.333895	1.564560	0.818182	0.140992	0.023630	0.089055	0.837419	0.186211	0.005867	0.511815	32.000000
156.000000	------	------	10.000000	2.700000	0.497400	0.506926	0.544796	0.115080	0.108247	0.270135	1.214140	0.600000	0.100850	0.013852	0.065040	0.891753	0.122099	0.003436	0.506926	34.000000
157.000000	------	------	12.000000	2.583333	0.506867	0.507061	0.533228	0.118667	0.112369	0.233185	1.415604	0.500000	0.092504	0.014121	0.059367	0.887631	0.126490	0.003507	0.507061	35.000000
158.000000	------	------	15.000000	2.266667	0.517787	0.508521	0.520584	0.129653	0.121276	0.275786	1.144112	0.800000	0.108361	0.017043	0.068720	0.878724	0.138319	0.004245	0.508521	34.000000
159.000000	------	------	12.000000	1.750000	0.514067	0.508018	0.501782	0.250267	0.242577	0.381298	1.142257	0.666667	0.180263	0.016036	0.118467	0.757423	0.258613	0.003961	0.508018	35.000000
160.000000	------	------	13.000000	1.923077	0.505477	0.508728	0.543512	0.208462	0.199828	0.334544	1.379696	0.846154	0.153949	0.017456	0.102215	0.800172	0.217285	0.004334	0.508728	38.000000
161.000000	------	------	12.000000	2.500000	0.503900	0.505362	0.519184	0.116367	0.110897	0.248817	1.120118	0.833333	0.094519	0.010724	0.060133	0.889103	0.121622	0.002661	0.505362	34.000000
162.000000	------	------	13.000000	2.769231	0.521169	0.513453	0.534758	0.131846	0.118615	0.286212	1.281742	0.769231	0.114049	0.026906	0.071938	0.881385	0.145521	0.006684	0.513453	35.000000
163.000000	------	------	10.000000	2.400000	0.516120	0.514511	0.554916	0.127000	0.113150	0.287586	1.338861	0.900000	0.111813	0.029022	0.067160	0.886850	0.142172	0.007199	0.514511	33.000000
164.000000	------	------	17.000000	2.647059	0.515529	0.505860	0.540151	0.160612	0.155003	0.304928	1.402949	0.647059	0.125307	0.011720	0.080494	0.844997	0.166723	0.002914	0.505860	35.000000
165.000000	------	------	12.000000	2.083333	0.512567	0.505593	0.516985	0.223100	0.217483	0.328352	1.114808	0.666667	0.165802	0.011187	0.115633	0.782517	0.228669	0.002789	0.505593	35.000000
166.000000	------	------	15.000000	2.200000	0.520480	0.507995	0.546788	0.168720	0.161044	0.306885	1.481536	0.800000	0.129117	0.015991	0.082720	0.838956	0.177034	0.003973	0.507995	34.000000
167.000000	------	------	15.000000	2.200000	0.514480	0.505152	0.533429	0.139360	0.134224	0.289694	1.393503	0.533333	0.110319	0.010304	0.068187	0.865776	0.144528	0.002548	0.505152	34.000000
168.000000	------	------	8.000000	2.500000	0.509300	0.514179	0.544071	0.120600	0.107258	0.278060	1.267293	0.750000	0.105561	0.028357	0.064950	0.892742	0.135615	0.007030	0.514179	32.000000
169.000000	------	------	12.000000	2.333333	0.515467	0.508085	0.540916	0.182533	0.174951	0.320585	1.398350	0.666667	0.137048	0.016170	0.088200	0.825049	0.191121	0.004012	0.508085	35.000000
170.000000	------	------	11.000000	2.454545	0.516073	0.505677	0.536039	0.159527	0.154076	0.298672	1.316416	0.818182	0.121562	0.011353	0.077164	0.845924	0.165429	0.002813	0.505677	34.000000
171.000000	------	------	13.000000	2.615385	0.506923	0.502987	0.540775	0.109662	0.106705	0.259549	1.484046	0.461538	0.089412	0.005973	0.054369	0.893295	0.112678	0.001486	0.502987	35.000000
172.000000	------	------	15.000000	2.400000	0.509387	0.502965	0.485023	0.103707	0.100878	0.249575	1.055670	0.466667	0.085100	0.005930	0.050347	0.899122	0.106808	0.001474	0.502965	35.000000
173.000000	------	------	11.000000	2.090909	0.497673	0.501497	0.487077	0.185018	0.183366	0.320008	0.979567	0.363636	0.138060	0.002995	0.089673	0.816634	0.186361	0.000745	0.501497	34.000000
174.000000	------	------	13.000000	2.230769	0.515908	0.514750	0.562841	0.202800	0.188821	0.326937	1.511471	0.923077	0.155105	0.029500	0.102431	0.811179	0.218322	0.007269	0.514750	34.000000
175.000000	------	------	9.000000	2.888889	0.490356	0.504249	0.540613	0.143156	0.138645	0.302073	1.140417	0.666667	0.119858	0.008499	0.077644	0.861355	0.147144	0.002118	0.504249	32.000000
176.000000	------	------	12.000000	2.500000	0.500533	0.503748	0.574381	0.124733	0.121508	0.268897	INFINITY	0.666667	0.104171	0.007495	0.066267	0.878492	0.129003	0.001860	0.503748	34.000000
177.000000	------	------	10.000000	2.400000	0.508880	0.513834	0.616217	0.139040	0.125625	0.300676	INFINITY	0.700000	0.121124	0.027667	0.073960	0.874375	0.153292	0.006864	0.513834	34.000000
178.000000	------	------	9.000000	2.666667	0.503111	0.513202	0.543171	0.190800	0.178186	0.359105	1.218341	0.777778	0.155925	0.026405	0.099067	0.821814	0.204591	0.006563	0.513202	36.000000
179.000000	------	------	14.000000	2.285714	0.512714	0.506907	0.523686	0.127971	0.121146	0.297963	1.248578	0.642857	0.109318	0.013814	0.065543	0.878854	0.134959	0.003438	0.506907	34.000000
180.000000	------	------	13.000000	2.846154	0.496800	0.511912	0.540009	0.126277	0.114554	0.283200	2.881216	0.769231	0.111148	0.023824	0.067908	0.885446	0.138378	0.005883	0.511912	34.000000
181.000000	------	------	7.000000	2.428571	0.500514	0.508399	0.653906	0.067771	0.059533	0.244047	4.907656	0.857143	0.069614	0.016798	0.038343	0.940467	0.076330	0.004141	0.508399	31.000000
182.000000	------	------	11.000000	2.363636	0.506909	0.509835	0.575415	0.195491	0.186031	0.330020	1.524003	0.909091	0.149051	0.019670	0.098982	0.813969	0.205701	0.004871	0.509835	33.000000
183.000000	------	------	11.000000	2.272727	0.509491	0.510979	0.579488	0.125127	0.114238	0.305273	1.586916	0.818182	0.114309	0.021958	0.069418	0.885762	0.136196	0.005442	0.510979	35.000000
184.000000	------	------	11.000000	2.454545	0.507564	0.503576	0.519845	0.193564	0.190299	0.338950	1.188176	0.545455	0.147735	0.007153	0.095709	0.809701	0.197452	0.001779	0.503576	33.000000
185.000000	------	------	8.000000	2.500000	0.486500	0.506186	0.564156	0.141800	0.135245	0.271160	1.360950	0.500000	0.117103	0.012373	0.079750	0.864755	0.147618	0.003072	0.506186	36.000000
186.000000	------	------	13.000000	2.384615	0.515846	0.507923	0.525732	0.136400	0.128693	0.263597	1.218093	0.769231	0.106350	0.015845	0.067662	0.871307	0.144538	0.003931	0.507923	39.000000
187.000000	------	------	16.000000	2.500000	0.484500	0.502624	0.533804	0.138000	0.135276	0.302988	1.091141	0.500000	0.113951	0.005249	0.071000	0.864724	0.140525	0.001298	0.502624	35.000000
188.000000	------	------	10.000000	2.200000	0.522240	0.513346	0.591166	0.164960	0.151979	0.338060	2.020421	0.800000	0.140097	0.026692	0.084800	0.848021	0.178671	0.006621	0.513346	43.000000
189.000000	------	------	8.000000	2.875000	0.482900	0.503662	0.524729	0.121000	0.117407	0.247178	1.026840	0.375000	0.098972	0.007323	0.066200	0.882593	0.124730	0.001820	0.503662	37.000000
190.000000	------	------	12.000000	3.333333	0.505400	0.503739	0.573120	0.094867	0.091188	0.239486	INFINITY	0.750000	0.078394	0.007477	0.047567	0.908812	0.098666	0.001862	0.503739	37.000000
191.000000	------	------	11.000000	2.545455	0.504509	0.503459	0.552979	0.150073	0.146828	0.295685	1.627373	0.636364	0.114163	0.006918	0.071782	0.853172	0.153746	0.001718	0.503459	35.000000
192.000000	------	------	10.000000	2.900000	0.509840	0.507680	0.569663	0.188960	0.181747	0.319606	1.954057	0.700000	0.141489	0.015359	0.090440	0.818253	0.197107	0.003809	0.507680	37.000000
193.000000	------	------	11.000000	2.818182	0.507273	0.501273	0.509555	0.112182	0.110885	0.250594	1.168277	0.454545	0.087818	0.002547	0.054364	0.889115	0.113432	0.000635	0.501273	35.000000
194.000000	------	------	15.000000	2.933333	0.508080	0.505639	0.505793	0.184827	0.179093	0.326927	1.095206	0.666667	0.144372	0.011278	0.093813	0.820907	0.190371	0.002812	0.505639	37.000000
195.000000	------	------	16.000000	2.250000	0.507100	0.502289	0.501581	0.158100	0.155519	0.308470	1.121265	0.437500	0.123813	0.004579	0.077950	0.844481	0.160098	0.001142	0.502289	36.000000
196.000000	------	------	8.000000	1.875000	0.515800	0.520272	0.622666	0.127700	0.108000	0.300516	2.618589	1.000000	0.119754	0.040544	0.071750	0.892000	0.148544	0.010091	0.520272	38.000000
197.000000	------	------	14.000000	2.571429	0.500514	0.505481	0.542719	0.168857	0.164296	0.325331	1.207053	0.785714	0.136959	0.010962	0.088343	0.835704	0.175258	0.002712	0.505481	37.000000
198.000000	------	------	10.000000	2.500000	0.511840	0.507858	0.553086	0.110240	0.102586	0.273437	1.385579	0.900000	0.093276	0.015716	0.056360	0.897414	0.118302	0.003894	0.507858	36.000000
199.000000	------	------	13.000000	3.076923	0.494215	0.508541	0.519065	0.164400	0.155697	0.288657	1.114437	0.538462	0.127483	0.017083	0.084892	0.844303	0.172780	0.004231	0.508541	35.000000
200.000000	------	------	13.000000	2.538462	0.505815	0.505859	0.504313	0.126185	0.120596	0.281915	1.072016	0.769231	0.104618	0.011718	0.064185	0.879404	0.132314	0.002903	0.505859	33.000000
201.000000	------	------	11.000000	2.363636	0.510145	0.506281	0.613850	0.135673	0.129792	0.299296	INFINITY	0.818182	0.111786	0.012562	0.067564	0.870208	0.142354	0.003121	0.506281	36.000000
202.000000	------	------	10.000000	2.600000	0.505360	0.508967	0.543169	0.109520	0.100829	0.268707	1.249609	0.800000	0.094806	0.017934	0.057440	0.899171	0.118763	0.004462	0.508967	37.000000
203.000000	------	------	14.000000	3.285714	0.508057	0.501387	0.501192	0.091429	0.089886	0.234326	1.130280	0.571429	0.073844	0.002775	0.044200	0.910114	0.092661	0.000690	0.501387	35.000000
204.000000	------	------	12.000000	2.250000	0.499167	0.506791	0.544310	0.127700	0.120784	0.294420	1.149250	0.833333	0.111894	0.013582	0.070300	0.879216	0.134365	0.003372	0.506791	34.000000
205.000000	------	------	13.000000	2.076923	0.522246	0.512919	0.581063	0.148123	0.134859	0.303760	1.654768	0.923077	0.124232	0.025837	0.078492	0.865141	0.160696	0.006372	0.512919	35.000000
206.000000	------	------	10.000000	2.400000	0.514440	0.507967	0.573716	0.137240	0.129542	0.314429	1.459923	0.700000	0.121054	0.015934	0.075840	0.870458	0.145476	0.003942	0.507967	38.000000
207.000000	------	------	9.000000	2.444444	0.504889	0.506638	0.550596	0.140133	0.133560	0.291679	1.380265	0.777778	0.113737	0.013276	0.070133	0.866440	0.146836	0.003295	0.506638	34.000000
208.000000	------	------	11.000000	2.545455	0.510364	0.506468	0.551193	0.130000	0.124098	0.255161	1.431951	0.727273	0.099674	0.012935	0.063964	0.875902	0.137033	0.003207	0.506468	35.000000
209.000000	------	------	11.000000	2.272727	0.505418	0.507567	0.577037	0.122618	0.114483	0.240990	1.420105	0.818182	0.100236	0.015134	0.069745	0.885517	0.129617	0.003757	0.507567	32.000000
210.000000	------	------	11.000000	2.727273	0.495491	0.501638	0.524232	0.071455	0.069713	0.226053	1.074727	0.636364	0.065417	0.003276	0.038764	0.930287	0.072989	0.000814	0.501638	34.000000
211.000000	------	------	15.000000	3.266667	0.506960	0.502259	0.500580	0.094320	0.092062	0.225940	1.072790	0.666667	0.076904	0.004519	0.046773	0.907938	0.096581	0.001127	0.502259	33.000000
212.000000	------	------	11.000000	3.454545	0.503382	0.499001	0.483715	0.158691	0.160321	0.286022	1.121232	0.636364	0.120485	-0.001998	0.079418	0.839679	0.158324	-0.000497	0.499001	32.000000
213.000000	------	------	11.000000	2.272727	0.500836	0.509656	0.585939	0.181636	0.172098	0.340794	INFINITY	0.818182	0.150551	0.019312	0.096909	0.827902	0.191410	0.004795	0.509656	32.000000
214.000000	------	------	12.000000	2.166667	0.513400	0.510151	0.587593	0.149267	0.139572	0.292124	INFINITY	1.000000	0.120184	0.020302	0.075467	0.860428	0.159873	0.005050	0.510151	36.000000
215.000000	------	------	14.000000	2.500000	0.501571	0.496097	0.475213	0.116143	0.119700	0.258671	0.992399	0.428571	0.086814	-0.007807	0.052114	0.880300	0.111893	-0.001934	0.496097	36.000000
216.000000	------	------	10.000000	3.400000	0.514320	0.509278	0.547074	0.163200	0.154360	0.297821	1.409033	0.700000	0.129755	0.018557	0.084320	0.845640	0.172916	0.004603	0.509278	32.000000
217.000000	------	------	4.000000	2.750000	0.483400	0.506547	0.662503	0.035000	0.028158	0.193053	2.253205	1.000000	0.039499	0.013095	0.020700	0.971842	0.041252	0.003246	0.506547	30.000000
218.000000	------	------	10.000000	2.300000	0.495640	0.507781	0.601238	0.131720	0.123885	0.287724	1.718615	0.900000	0.114141	0.015562	0.073120	0.876115	0.139447	0.003856	0.507781	35.000000
219.000000	------	------	13.000000	2.000000	0.504062	0.504742	0.564807	0.177077	0.172791	0.331559	INFINITY	0.615385	0.138017	0.009485	0.088462	0.827209	0.182276	0.002343	0.504742	34.000000
220.000000	------	------	13.000000	2.692308	0.507446	0.506161	0.537969	0.145723	0.139713	0.299784	1.430403	0.692308	0.114878	0.012323	0.071969	0.860287	0.152035	0.003061	0.506161	35.000000
221.000000	------	------	11.000000	2.090909	0.519964	0.507847	0.521452	0.158764	0.151278	0.308183	1.329048	0.636364	0.125908	0.015694	0.079055	0.848722	0.166973	0.003907	0.507847	33.000000
222.000000	------	------	13.000000	2.384615	0.504892	0.503059	0.538355	0.120769	0.117815	0.256450	2.391716	0.692308	0.091852	0.006118	0.057938	0.882185	0.123933	0.001519	0.503059	34.000000
223.000000	------	------	11.000000	2.454545	0.521018	0.511330	0.557061	0.229345	0.218470	0.376164	3.271883	0.818182	0.177891	0.022660	0.115818	0.781530	0.241130	0.005627	0.511330	34.000000
224.000000	------	------	14.000000	2.214286	0.507171	0.503802	0.508059	0.188600	0.184640	0.320831	1.139167	0.571429	0.143036	0.007604	0.094829	0.815360	0.192245	0.001887	0.503802	46.000000
225.000000	------	------	13.000000	2.692308	0.510031	0.504966	0.536025	0.085015	0.080284	0.232650	1.243485	0.769231	0.071571	0.009933	0.042954	0.919716	0.090217	0.002468	0.504966	37.000000
226.000000	------	------	14.000000	2.928571	0.502086	0.508408	0.570151	0.243514	0.234750	0.363049	1.424306	0.928571	0.182373	0.016815	0.126514	0.765250	0.251566	0.004158	0.508408	38.000000
227.000000	------	------	14.000000	2.571429	0.501714	0.502774	0.573317	0.130686	0.127952	0.276263	2.317263	0.500000	0.102239	0.005547	0.064886	0.872048	0.133500	0.001385	0.502774	38.000000
228.000000	------	------	10.000000	2.500000	0.516080	0.505638	0.553634	0.076720	0.071291	0.252899	1.410090	0.900000	0.073567	0.011277	0.039120	0.928709	0.082568	0.002804	0.505638	37.000000
229.000000	------	------	9.000000	2.444444	0.508133	0.506455	0.541067	0.113733	0.106617	0.263679	1.408108	0.666667	0.097953	0.012911	0.063022	0.893383	0.119528	0.003209	0.506455	38.000000
230.000000	------	------	11.000000	2.454545	0.498582	0.501708	0.522164	0.128400	0.126797	0.283885	1.116937	0.636364	0.104735	0.003416	0.065782	0.873203	0.130213	0.000853	0.501708	38.000000
231.000000	------	------	14.000000	2.357143	0.497486	0.503075	0.544893	0.189429	0.186279	0.325810	1.292648	0.642857	0.150535	0.006150	0.103486	0.813721	0.192430	0.001524	0.503075	42.000000
232.000000	------	------	8.000000	4.500000	0.504550	0.498035	0.384509	0.155750	0.157670	0.267034	0.770878	0.500000	0.116256	-0.003930	0.074600	0.842330	0.153739	-0.000982	0.498035	30.000000
233.000000	------	------	12.000000	2.000000	0.509333	0.508170	0.521105	0.111200	0.103328	0.271265	1.137674	0.833333	0.096270	0.016340	0.057433	0.896672	0.119668	0.004066	0.508170	32.000000
234.000000	------	------	12.000000	2.500000	0.520133	0.507393	0.483604	0.128667	0.122060	0.257593	1.135765	0.583333	0.100458	0.014786	0.062500	0.877940	0.136846	0.003663	0.507393	36.000000
235.000000	------	------	10.000000	2.400000	0.509520	0.513174	0.561428	0.144560	0.131424	0.306267	1.405811	0.600000	0.129748	0.026348	0.081960	0.868576	0.157772	0.006523	0.513174	36.000000
236.000000	------	------	12.000000	2.166667	0.520800	0.510086	0.529909	0.154533	0.145187	0.306147	1.627011	0.666667	0.129064	0.020172	0.082600	0.854813	0.165359	0.004969	0.510086	37.000000
237.000000	------	------	13.000000	2.153846	0.513046	0.508603	0.555215	0.150831	0.142084	0.307324	1.718631	0.846154	0.125046	0.017205	0.079354	0.857916	0.159289	0.004293	0.508603	34.000000
238.000000	------	------	10.000000	2.300000	0.506600	0.508394	0.556459	0.156600	0.148249	0.281973	1.542150	0.800000	0.120335	0.016788	0.078600	0.851751	0.165037	0.004182	0.508394	35.000000
239.000000	------	------	11.000000	2.909091	0.512291	0.508526	0.566602	0.106509	0.098264	0.263457	1.658455	0.909091	0.092585	0.017052	0.056073	0.901736	0.115316	0.004253	0.508526	35.000000
240.000000	------	------	10.000000	2.400000	0.506600	0.517200	0.614324	0.162680	0.146672	0.318120	INFINITY	0.800000	0.134693	0.034401	0.084640	0.853328	0.181072	0.008527	0.517200	31.000000
241.000000	------	------	13.000000	2.615385	0.503877	0.507640	0.542004	0.161108	0.153641	0.316243	1.205810	0.769231	0.131903	0.015281	0.084523	0.846359	0.168922	0.003778	0.507640	35.000000
242.000000	------	------	13.000000	2.615385	0.514092	0.499287	0.459075	0.156062	0.156533	0.288929	1.036650	0.461538	0.113414	-0.001426	0.070646	0.843467	0.155108	-0.000352	0.499287	34.000000
243.000000	------	------	10.000000	2.400000	0.486080	0.502831	0.550299	0.099520	0.096641	0.267686	1.130799	0.800000	0.089774	0.005662	0.054680	0.903359	0.102303	0.001407	0.502831	33.000000
244.000000	------	------	13.000000	2.076923	0.506031	0.505125	0.515677	0.189785	0.184572	0.323923	1.112762	0.615385	0.146330	0.010251	0.096708	0.815428	0.194823	0.002553	0.505125	31.000000
245.000000	------	------	15.000000	2.333333	0.506773	0.499945	0.487242	0.118267	0.118042	0.272981	INFINITY	0.466667	0.098054	-0.000110	0.060987	0.881958	0.117932	-0.000027	0.499945	38.000000
246.000000	------	------	12.000000	2.583333	0.511133	0.507267	0.531785	0.122067	0.115002	0.254866	1.232665	0.750000	0.096896	0.014534	0.062067	0.884998	0.129536	0.003623	0.507267	36.000000
247.000000	------	------	16.000000	2.812500	0.522250	0.505682	0.519922	0.100150	0.094798	0.259654	1.423393	0.687500	0.085377	0.011364	0.048700	0.905202	0.106162	0.002812	0.505682	36.000000
248.000000	------	------	14.000000	2.714286	0.510971	0.501060	0.482838	0.117257	0.116275	0.252529	1.073122	0.500000	0.090620	0.002120	0.054257	0.883725	0.118396	0.000526	0.501060	35.000000
249.000000	------	------	15.000000	2.800000	0.511120	0.506460	0.564433	0.073547	0.067376	0.211164	1.557257	0.866667	0.064584	0.012921	0.038053	0.932624	0.080297	0.003207	0.506460	34.000000
250.000000	------	------	9.000000	2.888889	0.502444	0.505480	0.592170	0.053822	0.047981	0.209408	2.225116	0.888889	0.054551	0.010961	0.030178	0.952019	0.058941	0.002725	0.505480	32.000000
251.000000	------	------	9.000000	2.555556	0.517333	0.508060	0.512591	0.100000	0.092224	0.226949	1.211366	0.666667	0.082701	0.016119	0.051600	0.907776	0.108343	0.004001	0.508060	35.000000
252.000000	------	------	16.000000	2.437500	0.499000	0.509647	0.565505	0.124300	0.115267	0.289581	1.373138	0.812500	0.107820	0.019294	0.065175	0.884733	0.134561	0.004762	0.509647	35.000000
253.000000	------	------	12.000000	2.250000	0.500133	0.498929	0.519281	0.118867	0.119884	0.270288	1.193061	0.500000	0.091557	-0.002142	0.055167	0.880116	0.117743	-0.000530	0.498929	33.000000
254.000000	------	------	9.000000	2.000000	0.509956	0.511487	0.552114	0.184978	0.174085	0.318129	1.437170	0.666667	0.146219	0.022975	0.095689	0.825915	0.197060	0.005720	0.511487	34.000000
255.000000	------	------	7.000000	2.142857	0.516057	0.514947	0.572998	0.070971	0.056871	0.248046	1.504921	0.857143	0.078617	0.029893	0.040914	0.943129	0.086765	0.007434	0.514947	40.000000
256.000000	------	------	14.000000	2.571429	0.513371	0.506356	0.569141	0.114343	0.108063	0.266160	INFINITY	0.785714	0.094967	0.012713	0.056943	0.891937	0.120776	0.003148	0.506356	32.000000
257.000000	------	------	9.000000	2.555556	0.501911	0.507387	0.572726	0.120133	0.112555	0.254865	1.441419	0.777778	0.101052	0.014773	0.065689	0.887445	0.127328	0.003689	0.507387	32.000000
258.000000	------	------	14.000000	2.142857	0.514400	0.509469	0.559165	0.191943	0.183152	0.330299	1.484560	0.785714	0.148546	0.018938	0.096571	0.816848	0.202090	0.004717	0.509469	35.000000
259.000000	------	------	10.000000	3.000000	0.510800	0.504091	0.598422	0.119280	0.115201	0.277446	2.239200	0.600000	0.102040	0.008183	0.065040	0.884799	0.123384	0.002019	0.504091	32.000000
260.000000	------	------	13.000000	2.461538	0.512000	0.506815	0.542150	0.188738	0.181836	0.352615	1.269632	0.769231	0.152471	0.013630	0.097692	0.818164	0.195466	0.003400	0.506815	33.000000
261.000000	------	------	15.000000	2.333333	0.512373	0.508310	0.527890	0.112933	0.104983	0.254539	1.432449	0.600000	0.094360	0.016620	0.058720	0.895017	0.121603	0.004146	0.508310	35.000000
262.000000	------	------	10.000000	2.200000	0.508960	0.509359	0.579415	0.072320	0.062819	0.252133	2.115331	0.800000	0.074201	0.018718	0.040640	0.937181	0.081537	0.004655	0.509359	34.000000
263.000000	------	------	10.000000	2.200000	0.509080	0.504842	0.536039	0.172600	0.167852	0.306425	1.660388	0.700000	0.126308	0.009685	0.080600	0.832148	0.177537	0.002396	0.504842	35.000000
264.000000	------	------	14.000000	2.285714	0.502686	0.506024	0.544731	0.211086	0.205045	0.332975	1.236067	0.785714	0.160862	0.012048	0.111000	0.794955	0.217094	0.002972	0.506024	34.000000
265.000000	------	------	11.000000	2.272727	0.521018	0.511296	0.559018	0.222509	0.211278	0.363834	2.424471	0.636364	0.172339	0.022593	0.113491	0.788722	0.233871	0.005618	0.511296	32.000000
266.000000	------	------	12.000000	2.333333	0.508500	0.508121	0.542643	0.205433	0.197641	0.335723	1.285173	0.750000	0.155225	0.016241	0.103167	0.802359	0.213882	0.004027	0.508121	33.000000
267.000000	------	------	12.000000	2.083333	0.506633	0.502794	0.566030	0.159900	0.157392	0.319781	INFINITY	0.500000	0.124327	0.005589	0.077133	0.842608	0.162981	0.001390	0.502794	34.000000
268.000000	------	------	13.000000	2.076923	0.514738	0.510879	0.595209	0.147662	0.137196	0.300577	INFINITY	0.923077	0.124392	0.021758	0.079600	0.862804	0.158954	0.005402	0.510879	35.000000
269.000000	------	------	12.000000	2.000000	0.514767	0.511820	0.584050	0.171500	0.160236	0.304298	INFINITY	0.833333	0.132640	0.023641	0.087000	0.839764	0.183877	0.005878	0.511820	35.000000
270.000000	------	------	15.000000	2.533333	0.508453	0.502856	0.493145	0.151147	0.148635	0.303462	1.070860	0.466667	0.118339	0.005712	0.073467	0.851365	0.154347	0.001420	0.502856	36.000000
271.000000	------	------	15.000000	2.533333	0.513520	0.503346	0.529720	0.106000	0.102820	0.259726	1.317664	0.533333	0.086944	0.006691	0.052160	0.897180	0.109511	0.001659	0.503346	32.000000
272.000000	------	------	14.000000	2.285714	0.515914	0.504435	0.510531	0.164943	0.160502	0.292231	1.147244	0.571429	0.126704	0.008870	0.084657	0.839498	0.169372	0.002203	0.504435	34.000000
273.000000	------	------	13.000000	2.538462	0.514000	0.509278	0.560186	0.123662	0.114467	0.262484	1.415624	0.846154	0.099472	0.018557	0.062738	0.885533	0.133023	0.004587	0.509278	33.000000
274.000000	------	------	12.000000	2.250000	0.508067	0.514883	0.567221	0.165667	0.151127	0.292822	1.402746	0.833333	0.132163	0.029766	0.086867	0.848873	0.180894	0.007419	0.514883	34.000000
275.000000	------	------	13.000000	2.461538	0.491108	0.503879	0.560777	0.140615	0.136406	0.277079	1.213956	0.846154	0.114333	0.007758	0.078246	0.863594	0.144164	0.001923	0.503879	34.000000
276.000000	------	------	12.000000	3.250000	0.514367	0.508507	0.575813	0.081567	0.073219	0.224053	1.709427	0.583333	0.074697	0.017013	0.045767	0.926781	0.090233	0.004241	0.508507	36.000000
277.000000	------	------	16.000000	3.125000	0.507400	0.508924	0.603530	0.152700	0.143970	0.282785	INFINITY	0.750000	0.121640	0.017849	0.080050	0.856030	0.161819	0.004454	0.508924	32.000000
278.000000	------	------	10.000000	2.500000	0.491600	0.502589	0.511615	0.186160	0.183924	0.291435	1.036024	0.700000	0.134022	0.005179	0.092440	0.816076	0.189102	0.001288	0.502589	31.000000
279.000000	------	------	9.000000	2.666667	0.519867	0.508466	0.518204	0.135200	0.127354	0.298584	1.279219	0.666667	0.112392	0.016932	0.067200	0.872646	0.144285	0.004209	0.508466	32.000000
280.000000	------	------	10.000000	2.600000	0.518200	0.507669	0.568528	0.191400	0.183764	0.339763	1.806028	0.700000	0.147403	0.015337	0.093640	0.816236	0.199102	0.003813	0.507669	36.000000
281.000000	------	------	11.000000	2.545455	0.512800	0.505992	0.550298	0.086873	0.081441	0.219263	INFINITY	0.727273	0.072071	0.011985	0.042582	0.918559	0.093426	0.002962	0.505992	34.000000
282.000000	------	------	13.000000	2.307692	0.508800	0.506386	0.585771	0.161231	0.154916	0.313035	INFINITY	0.769231	0.127294	0.012772	0.080031	0.845084	0.167688	0.003169	0.506386	33.000000
283.000000	------	------	18.000000	2.666667	0.510511	0.503603	0.546062	0.120333	0.116632	0.279884	INFINITY	0.777778	0.099933	0.007207	0.059956	0.883368	0.123839	0.001784	0.503603	34.000000
284.000000	------	------	12.000000	2.416667	0.517500	0.507196	0.570420	0.201767	0.194996	0.326190	INFINITY	0.833333	0.153121	0.014393	0.102033	0.805004	0.209389	0.003568	0.507196	31.000000
285.000000	------	------	13.000000	2.307692	0.510492	0.507728	0.516629	0.167169	0.159764	0.289090	1.199749	0.692308	0.126619	0.015456	0.083600	0.840236	0.175221	0.003853	0.507728	33.000000
286.000000	------	------	12.000000	2.500000	0.511733	0.506452	0.521197	0.070600	0.064084	0.243231	1.201881	0.666667	0.069403	0.012905	0.036800	0.935916	0.076989	0.003191	0.506452	34.000000
287.000000	------	------	10.000000	2.100000	0.508120	0.507386	0.529439	0.217240	0.210321	0.349693	1.278620	0.600000	0.161114	0.014772	0.106760	0.789679	0.225093	0.003680	0.507386	34.000000
288.000000	------	------	13.000000	2.692308	0.517046	0.505561	0.523623	0.137692	0.132468	0.273842	1.276770	0.769231	0.106555	0.011121	0.066277	0.867532	0.143589	0.002761	0.505561	35.000000
289.000000	------	------	11.000000	2.636364	0.513055	0.503062	0.526775	0.127564	0.124364	0.275848	1.318017	0.818182	0.101979	0.006125	0.061673	0.875636	0.130489	0.001522	0.503062	33.000000
290.000000	------	------	14.000000	2.571429	0.496971	0.502710	0.500760	0.111257	0.108582	0.267803	1.029182	0.642857	0.093082	0.005420	0.056743	0.891418	0.114002	0.001348	0.502710	36.000000
291.000000	------	------	9.000000	2.333333	0.506933	0.509332	0.541648	0.137022	0.127987	0.293740	1.248004	0.888889	0.113727	0.018664	0.069733	0.872013	0.146651	0.004636	0.509332	32.000000
292.000000	------	------	8.000000	2.000000	0.507500	0.513977	0.555798	0.157900	0.144138	0.322081	1.277629	0.750000	0.140221	0.027953	0.088650	0.855862	0.172091	0.006925	0.513977	33.000000
293.000000	------	------	11.000000	2.363636	0.499455	0.502792	0.507292	0.105055	0.102140	0.245906	1.054117	0.545455	0.087294	0.005584	0.054873	0.897860	0.107723	0.001394	0.502792	35.000000
294.000000	------	------	7.000000	3.142857	0.483886	0.506328	0.635898	0.100343	0.093556	0.284016	3.573831	0.714286	0.094701	0.012656	0.057543	0.906444	0.106212	0.003140	0.506328	34.000000
295.000000	------	------	6.000000	2.166667	0.509733	0.520409	0.615183	0.242533	0.221755	0.429298	1.721480	1.000000	0.213831	0.040819	0.141333	0.778245	0.262573	0.010120	0.520409	33.000000
296.000000	------	------	16.000000	3.750000	0.483750	0.502544	0.469629	0.081950	0.079462	0.217365	0.928896	0.500000	0.071345	0.005088	0.044650	0.920538	0.084550	0.001261	0.502544	35.000000
297.000000	------	------	13.000000	2.769231	0.510308	0.508060	0.593454	0.054154	0.046666	0.227212	1.598241	0.846154	0.058092	0.016121	0.030338	0.953334	0.062787	0.003991	0.508060	32.000000
298.000000	------	------	10.000000	2.300000	0.523040	0.508107	0.513819	0.106160	0.098122	0.261460	1.249334	0.800000	0.089931	0.016214	0.053400	0.901878	0.114336	0.004003	0.508107	32.000000
299.000000	------	------	16.000000	2.250000	0.503525	0.503699	0.516327	0.146225	0.142455	0.295613	1.111263	0.750000	0.117890	0.007399	0.074875	0.857545	0.149854	0.001831	0.503699	34.000000
300.000000	------	------	13.000000	2.307692	0.514062	0.509990	0.566790	0.218492	0.208860	0.338538	1.669550	0.769231	0.166950	0.019981	0.113231	0.791140	0.228841	0.004981	0.509990	33.000000
301.000000	------	------	11.000000	2.181818	0.524582	0.514084	0.559244	0.144582	0.130947	0.313452	1.427360	0.909091	0.127017	0.028168	0.076945	0.869053	0.159116	0.007010	0.514084	34.000000
302.000000	------	------	14.000000	2.571429	0.507171	0.511352	0.587583	0.163571	0.152226	0.326455	1.606361	0.928571	0.137664	0.022705	0.087571	0.847774	0.174930	0.005655	0.511352	32.000000
303.000000	------	------	13.000000	2.076923	0.512708	0.504408	0.558216	0.120892	0.116801	0.282737	3.302089	0.846154	0.099193	0.008816	0.057723	0.883199	0.125616	0.002184	0.504408	39.000000
304.000000	------	------	15.000000	2.400000	0.506000	0.498923	0.518019	0.122427	0.123289	0.249262	1.490284	0.333333	0.088414	-0.002154	0.054880	0.876711	0.121136	-0.000532	0.498923	33.000000
305.000000	------	------	10.000000	2.700000	0.507680	0.504658	0.526673	0.104960	0.100302	0.249211	1.302675	0.800000	0.086139	0.009316	0.053120	0.899698	0.109618	0.002319	0.504658	33.000000
306.000000	------	------	13.000000	2.000000	0.507785	0.507170	0.511892	0.157169	0.150516	0.315584	1.170381	0.615385	0.125374	0.014340	0.077815	0.849484	0.164857	0.003562	0.507170	34.000000
307.000000	------	------	12.000000	2.333333	0.509933	0.509436	0.529941	0.174467	0.164598	0.328388	1.193821	0.666667	0.142455	0.018872	0.092200	0.835402	0.183469	0.004684	0.509436	34.000000
308.000000	------	------	9.000000	2.777778	0.498844	0.505053	0.598794	0.109333	0.104033	0.256919	2.959707	0.555556	0.092745	0.010106	0.060089	0.895967	0.114139	0.002513	0.505053	32.000000
309.000000	------	------	11.000000	2.000000	0.512109	0.511752	0.587497	0.166073	0.153993	0.347878	4.054738	0.818182	0.141904	0.023504	0.086836	0.846007	0.177497	0.005818	0.511752	33.000000
310.000000	------	------	13.000000	2.461538	0.506369	0.505832	0.516496	0.162369	0.156248	0.315774	1.147296	0.692308	0.130300	0.011663	0.082554	0.843752	0.167911	0.002890	0.505832	40.000000
311.000000	------	------	13.000000	2.153846	0.514277	0.507877	0.513269	0.206492	0.198959	0.350326	1.176709	0.846154	0.155589	0.015754	0.099692	0.801041	0.214713	0.003890	0.507877	36.000000
312.000000	------	------	14.000000	2.214286	0.515057	0.499996	0.487563	0.164029	0.163958	0.286442	1.114969	0.571429	0.115776	-0.000007	0.075486	0.836042	0.163951	-0.000002	0.499996	34.000000
313.000000	------	------	12.000000	2.000000	0.516000	0.508940	0.499373	0.171733	0.162996	0.327457	1.125703	0.583333	0.137993	0.017880	0.086933	0.837004	0.180876	0.004439	0.508940	34.000000
314.000000	------	------	13.000000	3.461538	0.515354	0.504350	0.545346	0.095262	0.090837	0.231673	1.796623	0.538462	0.077474	0.008699	0.046769	0.909163	0.099537	0.002158	0.504350	42.000000
315.000000	------	------	4.000000	3.000000	0.519600	0.501415	0.586423	0.050400	0.049068	0.191426	2.566808	1.000000	0.046536	0.002829	0.024200	0.950932	0.051898	0.000702	0.501415	33.000000
316.000000	------	------	12.000000	2.666667	0.504767	0.508340	0.528987	0.138900	0.130559	0.271927	1.213778	0.750000	0.115850	0.016680	0.077567	0.869441	0.147239	0.004150	0.508340	35.000000
317.000000	------	------	12.000000	2.250000	0.509667	0.510930	0.569866	0.195000	0.185146	0.331374	1.594725	0.666667	0.150271	0.021860	0.098467	0.814854	0.207006	0.005418	0.510930	34.000000
318.000000	------	------	12.000000	2.250000	0.497467	0.506463	0.573835	0.232133	0.225928	0.351836	1.506531	0.666667	0.172485	0.012926	0.119000	0.774072	0.238854	0.003199	0.506463	34.000000
319.000000	------	------	9.000000	2.111111	0.504622	0.514183	0.573495	0.219867	0.206475	0.332141	1.616418	0.777778	0.164431	0.028366	0.110444	0.793525	0.234841	0.007062	0.514183	58.000000
320.000000	------	------	10.000000	2.200000	0.510920	0.508611	0.576832	0.132520	0.124019	0.299848	1.636534	0.700000	0.116140	0.017221	0.071720	0.875981	0.141240	0.004268	0.508611	32.000000
321.000000	------	------	14.000000	2.571429	0.499886	0.502930	0.520931	0.202743	0.199861	0.336623	1.121729	0.642857	0.153307	0.005860	0.101314	0.800139	0.205720	0.001451	0.502930	36.000000
322.000000	------	------	12.000000	1.916667	0.504667	0.504775	0.578970	0.239267	0.234444	0.359448	5.574784	0.750000	0.174858	0.009551	0.118567	0.765556	0.243994	0.002384	0.504775	33.000000
323.000000	------	------	12.000000	2.083333	0.509867	0.504587	0.578122	0.185933	0.181207	0.348281	5.788509	0.583333	0.145001	0.009174	0.090567	0.818793	0.190381	0.002276	0.504587	33.000000
324.000000	------	------	7.000000	2.714286	0.498286	0.503576	0.570040	0.043714	0.039990	0.204406	1.395136	0.571429	0.044941	0.007152	0.024171	0.960010	0.047142	0.001774	0.503576	34.000000
325.000000	------	------	9.000000	2.555556	0.524933	0.508495	0.553116	0.125200	0.116849	0.278563	INFINITY	0.777778	0.102340	0.016991	0.061733	0.883151	0.133839	0.004209	0.508495	34.000000
326.000000	------	------	10.000000	2.100000	0.525680	0.513087	0.608635	0.120880	0.108167	0.327025	INFINITY	1.000000	0.114946	0.026173	0.063120	0.891833	0.134340	0.006476	0.513087	37.000000
327.000000	------	------	15.000000	2.133333	0.515840	0.509249	0.544374	0.168533	0.159021	0.334862	INFINITY	0.733333	0.140643	0.018499	0.089147	0.840979	0.177520	0.004608	0.509249	34.000000
328.000000	------	------	8.000000	2.375000	0.510400	0.511085	0.530401	0.160900	0.150293	0.325267	1.191676	0.750000	0.136506	0.022170	0.085650	0.849707	0.172463	0.005505	0.511085	34.000000
329.000000	------	------	15.000000	3.600000	0.508347	0.508171	0.518695	0.141760	0.133618	0.261735	1.170563	0.933333	0.113419	0.016342	0.075840	0.866382	0.149960	0.004076	0.508171	35.000000
330.000000	------	------	16.000000	2.187500	0.514225	0.505612	0.516372	0.124575	0.118873	0.269912	1.163530	0.750000	0.102184	0.011225	0.064600	0.881127	0.130098	0.002790	0.505612	31.000000
331.000000	------	------	11.000000	2.818182	0.501564	0.507247	0.549513	0.140945	0.133100	0.293987	1.201817	0.727273	0.120156	0.014495	0.076982	0.866900	0.147595	0.003598	0.507247	32.000000
332.000000	------	------	12.000000	2.666667	0.514433	0.509544	0.561016	0.144633	0.135181	0.289304	1.390770	0.833333	0.119208	0.019087	0.076967	0.864819	0.154268	0.004754	0.509544	30.000000
333.000000	------	------	15.000000	2.333333	0.519973	0.508810	0.589832	0.122187	0.113868	0.270089	1.812878	0.933333	0.099978	0.017619	0.061840	0.886132	0.131487	0.004377	0.508810	35.000000
334.000000	------	------	12.000000	2.083333	0.509567	0.509551	0.549012	0.212700	0.203369	0.333690	1.317433	0.750000	0.164389	0.019102	0.113600	0.796631	0.222470	0.004759	0.509551	33.000000
335.000000	------	------	14.000000	2.000000	0.511314	0.513696	0.563886	0.189600	0.176139	0.346139	1.601322	0.785714	0.155923	0.027391	0.100457	0.823861	0.203530	0.006801	0.513696	37.000000
336.000000	------	------	7.000000	1.857143	0.510914	0.514295	0.627685	0.182057	0.167458	0.364663	3.607640	0.857143	0.158256	0.028591	0.100857	0.832542	0.196049	0.007136	0.514295	34.000000
337.000000	------	------	9.000000	2.222222	0.511378	0.518864	0.626034	0.216533	0.197785	0.357150	3.675507	1.000000	0.172900	0.037728	0.116044	0.802215	0.235513	0.009379	0.518864	33.000000
338.000000	------	------	14.000000	2.285714	0.514571	0.504394	0.442397	0.134400	0.130447	0.265303	0.916612	0.428571	0.103569	0.008788	0.064371	0.869553	0.139235	0.002177	0.504394	33.000000
339.000000	------	------	11.000000	2.545455	0.510509	0.508051	0.553207	0.140545	0.133021	0.311644	1.472732	0.727273	0.116667	0.016102	0.069091	0.866979	0.149122	0.003990	0.508051	35.000000
340.000000	------	------	9.000000	2.555556	0.514978	0.509181	0.522191	0.146222	0.137378	0.317294	1.203189	0.888889	0.121768	0.018361	0.073733	0.862622	0.155739	0.004559	0.509181	34.000000
341.000000	------	------	15.000000	3.000000	0.513093	0.506524	0.521452	0.148453	0.142231	0.294229	1.259237	0.600000	0.118759	0.013048	0.074107	0.857769	0.155279	0.003241	0.506524	36.000000
342.000000	------	------	11.000000	2.090909	0.513309	0.505721	0.561564	0.158182	0.152522	0.333144	1.685007	0.727273	0.133860	0.011442	0.083455	0.847478	0.163964	0.002831	0.505721	33.000000
343.000000	------	------	15.000000	2.400000	0.506107	0.499860	0.512019	0.110107	0.110262	0.229225	1.344291	0.533333	0.081502	-0.000280	0.052107	0.889738	0.109983	-0.000070	0.499860	34.000000
344.000000	------	------	8.000000	2.375000	0.505800	0.508645	0.567365	0.227900	0.218653	0.371462	1.491707	0.625000	0.180104	0.017291	0.121500	0.781347	0.235943	0.004299	0.508645	34.000000
345.000000	------	------	8.000000	2.250000	0.517000	0.509648	0.551585	0.202900	0.193648	0.345597	1.464876	0.750000	0.159193	0.019296	0.104300	0.806352	0.212944	0.004785	0.509648	35.000000
346.000000	------	------	11.000000	2.818182	0.509273	0.508909	0.558337	0.174655	0.164928	0.327207	1.384470	0.636364	0.142856	0.017817	0.094909	0.835072	0.182746	0.004380	0.508909	36.000000
347.000000	------	------	10.000000	2.700000	0.492920	0.502348	0.569209	0.092280	0.089920	0.219268	1.400362	0.600000	0.076714	0.004697	0.050200	0.910080	0.094617	0.001167	0.502348	32.000000
348.000000	------	------	11.000000	2.272727	0.506109	0.504073	0.581809	0.164873	0.160706	0.313889	3.254174	0.727273	0.128467	0.008146	0.083127	0.839294	0.168852	0.002015	0.504073	36.000000
349.000000	------	------	9.000000	2.444444	0.495200	0.509239	0.669738	0.124000	0.114892	0.288375	INFINITY	0.777778	0.109303	0.018477	0.070933	0.885108	0.133369	0.004589	0.509239	33.000000
350.000000	------	------	12.000000	2.250000	0.517700	0.508156	0.575715	0.143967	0.136251	0.322026	INFINITY	0.916667	0.121412	0.016313	0.071900	0.863749	0.152564	0.004031	0.508156	34.000000
351.000000	------	------	11.000000	2.818182	0.505636	0.508202	0.545368	0.055782	0.047432	0.219592	1.236849	0.727273	0.059185	0.016403	0.032182	0.952568	0.063835	0.004084	0.508202	33.000000
352.000000	------	------	9.000000	2.777778	0.509867	0.509059	0.571504	0.148889	0.140523	0.296622	1.367581	0.777778	0.126552	0.018117	0.081422	0.859477	0.158640	0.004505	0.509059	32.000000
353.000000	------	------	13.000000	3.000000	0.516369	0.510162	0.548354	0.093077	0.083366	0.255564	1.325351	0.923077	0.084690	0.020324	0.049785	0.916634	0.103690	0.005044	0.510162	35.000000
354.000000	------	------	14.000000	2.571429	0.510343	0.501238	0.472222	0.134171	0.132876	0.268543	0.975730	0.500000	0.101325	0.002476	0.063943	0.867124	0.135352	0.000615	0.501238	31.000000
355.000000	------	------	12.000000	3.250000	0.483567	0.502733	0.497819	0.081300	0.078611	0.237871	1.026206	0.500000	0.075575	0.005466	0.045133	0.921389	0.084077	0.001352	0.502733	31.000000
356.000000	------	------	13.000000	2.384615	0.510677	0.504262	0.503642	0.137538	0.133440	0.261684	1.177745	0.538462	0.104834	0.008524	0.067262	0.866560	0.141964	0.002120	0.504262	34.000000
357.000000	------	------	14.000000	3.642857	0.516314	0.507752	0.495819	0.141743	0.134162	0.271879	1.087146	0.785714	0.113611	0.015504	0.072257	0.865838	0.149666	0.003860	0.507752	34.000000
358.000000	------	------	11.000000	2.272727	0.500073	0.510698	0.565757	0.110327	0.099577	0.275040	1.348715	0.818182	0.102586	0.021396	0.064909	0.900423	0.120972	0.005240	0.510698	30.000000
359.000000	------	------	9.000000	3.111111	0.507022	0.512058	0.565732	0.155156	0.143757	0.283508	1.413598	0.888889	0.121996	0.024116	0.078933	0.856243	0.167872	0.005993	0.512058	34.000000
360.000000	------	------	14.000000	2.357143	0.507429	0.508236	0.580239	0.171771	0.163967	0.273726	INFINITY	0.714286	0.124208	0.016473	0.084114	0.836033	0.180440	0.004094	0.508236	34.000000
361.000000	------	------	14.000000	2.500000	0.509914	0.509757	0.552384	0.198657	0.188727	0.323711	1.493377	0.928571	0.149477	0.019513	0.100029	0.811273	0.208240	0.004809	0.509757	32.000000
362.000000	------	------	16.000000	2.375000	0.510750	0.507070	0.531648	0.112900	0.105772	0.288867	1.207390	0.687500	0.099828	0.014140	0.058875	0.894228	0.119912	0.003527	0.507070	36.000000
363.000000	------	------	13.000000	2.923077	0.510092	0.505866	0.526380	0.102492	0.096803	0.257264	1.453144	0.846154	0.087994	0.011731	0.051815	0.903197	0.108534	0.002915	0.505866	34.000000
364.000000	------	------	13.000000	3.230769	0.498062	0.505713	0.575159	0.138246	0.132415	0.282646	INFINITY	0.538462	0.108909	0.011425	0.069508	0.867585	0.143840	0.002842	0.505713	33.000000
365.000000	------	------	10.000000	2.800000	0.518040	0.505884	0.490663	0.104440	0.098898	0.245791	1.132604	0.600000	0.086056	0.011767	0.051400	0.901102	0.110665	0.002913	0.505884	33.000000
366.000000	------	------	11.000000	2.636364	0.519018	0.502013	0.491947	0.130764	0.128983	0.277130	1.109610	0.636364	0.102268	0.004026	0.062618	0.871017	0.133009	0.000995	0.502013	33.000000
367.000000	------	------	13.000000	2.461538	0.507908	0.504379	0.540664	0.098123	0.093824	0.244484	1.307161	0.769231	0.080675	0.008758	0.048400	0.906176	0.102581	0.002175	0.504379	34.000000
368.000000	------	------	12.000000	2.416667	0.515167	0.505466	0.530755	0.114700	0.109459	0.273829	1.390562	0.750000	0.095618	0.010932	0.057033	0.890541	0.120391	0.002722	0.505466	34.000000
369.000000	------	------	11.000000	2.545455	0.501709	0.508681	0.565451	0.131709	0.123488	0.299731	1.356516	0.727273	0.112858	0.017363	0.068509	0.876512	0.140851	0.004313	0.508681	34.000000
370.000000	------	------	7.000000	2.714286	0.493771	0.498957	0.507275	0.077829	0.078849	0.224522	1.023073	0.571429	0.066798	-0.002086	0.039314	0.921151	0.076763	-0.000517	0.498957	38.000000
371.000000	------	------	19.000000	3.684211	0.484926	0.501510	0.564626	0.163663	0.162396	0.279308	INFINITY	0.631579	0.121853	0.003021	0.082842	0.837604	0.165417	0.000749	0.501510	34.000000
372.000000	------	------	11.000000	2.000000	0.512800	0.502808	0.512037	0.164909	0.161949	0.310862	1.170831	0.727273	0.123542	0.005615	0.078218	0.838051	0.167564	0.001392	0.502808	32.000000
373.000000	------	------	13.000000	3.076923	0.514092	0.501829	0.505115	0.093754	0.092287	0.228141	1.181378	0.538462	0.073913	0.003657	0.044154	0.907713	0.095944	0.000905	0.501829	35.000000
374.000000	------	------	10.000000	2.000000	0.506880	0.508591	0.551606	0.150480	0.142210	0.293912	1.546832	0.800000	0.117819	0.017182	0.075040	0.857790	0.159393	0.004273	0.508591	34.000000
375.000000	------	------	13.000000	2.307692	0.518523	0.509456	0.541598	0.138862	0.129831	0.288773	1.402044	0.846154	0.111301	0.018913	0.068769	0.870169	0.148744	0.004678	0.509456	34.000000
376.000000	------	------	13.000000	3.153846	0.512338	0.501771	0.488582	0.149938	0.148605	0.282628	1.160272	0.461538	0.116779	0.003542	0.075600	0.851395	0.152147	0.000877	0.501771	34.000000
377.000000	------	------	11.000000	4.454545	0.512291	0.508768	0.514887	0.126400	0.118568	0.255149	1.244151	0.545455	0.097815	0.017536	0.061055	0.881432	0.136105	0.004319	0.508768	34.000000
378.000000	------	------	8.000000	2.250000	0.487650	0.505926	0.551602	0.175750	0.169271	0.324175	1.121855	0.750000	0.146667	0.011851	0.098800	0.830729	0.181122	0.002938	0.505926	33.000000
379.000000	------	------	10.000000	2.200000	0.499520	0.512817	0.548023	0.126640	0.114197	0.290160	1.287882	0.800000	0.111330	0.025635	0.067200	0.885803	0.139832	0.006365	0.512817	34.000000
380.000000	------	------	14.000000	2.500000	0.514457	0.509950	0.518643	0.147314	0.137663	0.299597	1.159420	0.785714	0.119963	0.019900	0.074200	0.862337	0.157563	0.004931	0.509950	35.000000
381.000000	------	------	12.000000	2.416667	0.524267	0.508717	0.562676	0.182067	0.173109	0.305060	INFINITY	0.833333	0.138997	0.017434	0.092167	0.826891	0.190543	0.004325	0.508717	33.000000
382.000000	------	------	14.000000	2.571429	0.499000	0.507261	0.535754	0.113571	0.105814	0.261838	1.455958	0.571429	0.099617	0.014522	0.063657	0.894186	0.120336	0.003613	0.507261	34.000000
383.000000	------	------	9.000000	2.111111	0.521422	0.514304	0.550546	0.215911	0.201538	0.345475	1.841120	0.777778	0.166965	0.028608	0.112400	0.798462	0.230146	0.007112	0.514304	34.000000
384.000000	------	------	11.000000	2.545455	0.506655	0.504344	0.545001	0.130109	0.125826	0.279971	INFINITY	0.545455	0.103699	0.008688	0.063091	0.874174	0.134515	0.002159	0.504344	36.000000
385.000000	------	------	16.000000	2.250000	0.512700	0.506715	0.484287	0.139450	0.133097	0.290116	1.048086	0.750000	0.111720	0.013430	0.068650	0.866903	0.146527	0.003336	0.506715	38.000000
386.000000	------	------	9.000000	2.111111	0.518089	0.510677	0.569724	0.160489	0.150184	0.307706	1.663564	1.000000	0.127488	0.021355	0.081289	0.849816	0.171539	0.005321	0.510677	34.000000
387.000000	------	------	7.000000	2.285714	0.501886	0.506658	0.559020	0.196343	0.189145	0.304040	1.171643	0.857143	0.154092	0.013315	0.111029	0.810855	0.202460	0.003288	0.506658	35.000000
388.000000	------	------	13.000000	2.307692	0.515046	0.505580	0.513240	0.160092	0.154735	0.314381	1.214460	0.692308	0.125495	0.011160	0.077723	0.845265	0.165894	0.002761	0.505580	35.000000
389.000000	------	------	13.000000	2.307692	0.508123	0.510383	0.593922	0.138246	0.127427	0.284870	INFINITY	0.846154	0.115405	0.020767	0.075446	0.872573	0.148194	0.005120	0.510383	33.000000
390.000000	------	------	16.000000	2.187500	0.515125	0.503296	0.498245	0.127325	0.124232	0.274036	1.073439	0.625000	0.101631	0.006592	0.063875	0.875768	0.130823	0.001625	0.503296	32.000000
391.000000	------	------	12.000000	2.666667	0.501033	0.505802	0.563821	0.075167	0.069179	0.240605	1.491049	0.583333	0.071859	0.011604	0.041167	0.930821	0.080784	0.002885	0.505802	35.000000
392.000000	------	------	10.000000	2.200000	0.525920	0.511722	0.522977	0.113760	0.102594	0.276359	1.245592	0.700000	0.101170	0.023444	0.060000	0.897406	0.126038	0.005804	0.511722	34.000000
393.000000	------	------	16.000000	2.187500	0.505325	0.504931	0.508596	0.155675	0.151079	0.300153	1.112892	0.687500	0.124955	0.009861	0.080500	0.848921	0.160940	0.002444	0.504931	35.000000
394.000000	------	------	15.000000	2.333333	0.511733	0.503025	0.486684	0.146000	0.143040	0.293004	1.030307	0.400000	0.115090	0.006051	0.071867	0.856960	0.149091	0.001502	0.503025	39.000000
395.000000	------	------	14.000000	2.428571	0.518086	0.510254	0.554264	0.128886	0.118665	0.296369	1.355036	0.928571	0.111834	0.020507	0.067429	0.881335	0.139172	0.005090	0.510254	33.000000
396.000000	------	------	13.000000	2.230769	0.517262	0.507186	0.526724	0.188892	0.181960	0.297116	1.406149	0.615385	0.141807	0.014371	0.097631	0.818040	0.196331	0.003561	0.507186	34.000000
397.000000	------	------	5.000000	2.400000	0.543920	0.518845	0.644129	0.050160	0.032847	0.204759	3.153075	0.800000	0.064640	0.037690	0.032160	0.967153	0.070538	0.009330	0.518845	29.000000
398.000000	------	------	12.000000	3.250000	0.501900	0.502001	0.499503	0.166300	0.163690	0.304067	1.320595	0.666667	0.126075	0.004002	0.080600	0.836310	0.167692	0.000993	0.502001	37.000000
