Timestamp	Rule	Class	NumRules	NumVars	Acc	AUC	CONF	Cov	FPR	G-Mean	GR	GR_Pct	Jacc	SuppDiff	Supp	TNR	TPR	WRAcc	WRAcc_Norm	ExecTime_ms
1.000000	------	------	2.000000	6.000000	0.499400	0.499354	0.392857	0.003400	0.004020	0.051202	0.664196	0.000000	0.002718	-0.001292	0.001400	0.995980	0.002728	-0.000321	0.499354	554.000000
2.000000	------	------	4.000000	5.000000	0.500900	0.500576	0.587524	0.006500	0.005926	0.079204	1.507185	1.000000	0.007026	0.001151	0.003700	0.994074	0.007077	0.000286	0.500576	340.000000
3.000000	------	------	2.000000	3.000000	0.512600	0.512242	0.818182	0.015800	0.003028	0.158182	INFINITY	1.000000	0.027472	0.024484	0.014200	0.996972	0.027512	0.006101	0.512242	317.000000
4.000000	------	------	2.000000	3.500000	0.502400	0.502773	0.820000	0.006000	0.003309	0.089356	INFINITY	1.000000	0.008801	0.005547	0.004200	0.996691	0.008856	0.001376	0.502773	263.000000
5.000000	------	------	3.000000	9.666667	0.510933	0.501229	0.572549	0.007200	0.005981	0.091275	1.439310	1.000000	0.008386	0.002458	0.004133	0.994019	0.008438	0.000612	0.501229	235.000000
6.000000	------	------	3.000000	2.666667	0.494667	0.505380	0.619724	0.035067	0.029852	0.189028	2.040233	0.666667	0.039167	0.010761	0.021067	0.970148	0.040612	0.002675	0.505380	221.000000
7.000000	------	------	2.000000	7.500000	0.501800	0.501482	0.587500	0.011000	0.009525	0.109020	1.448070	1.000000	0.012361	0.002964	0.006400	0.990475	0.012490	0.000738	0.501482	234.000000
8.000000	------	------	2.000000	3.500000	0.505400	0.505520	0.692248	0.014600	0.009098	0.140782	2.279127	1.000000	0.019942	0.011040	0.010000	0.990902	0.020138	0.002755	0.505520	238.000000
9.000000	------	------	7.000000	3.714286	0.529029	0.501222	0.486528	0.072171	0.071034	0.216759	1.167289	0.714286	0.062525	0.002445	0.033314	0.928966	0.073479	0.000606	0.501222	230.000000
10.000000	------	------	2.000000	7.500000	0.501000	0.501078	0.678571	0.003400	0.002253	0.066320	3.033338	1.000000	0.004397	0.002156	0.002200	0.997747	0.004409	0.000533	0.501078	231.000000
11.000000	------	------	2.000000	8.500000	0.502000	0.501820	0.892857	0.003200	0.001304	0.065926	INFINITY	1.000000	0.004935	0.003639	0.002600	0.998696	0.004944	0.000904	0.501820	235.000000
12.000000	------	------	10.000000	2.100000	0.484120	0.506627	0.520190	0.156600	0.150443	0.311180	1.165287	0.700000	0.134030	0.013254	0.086840	0.849557	0.163697	0.003291	0.506627	242.000000
13.000000	------	------	2.000000	6.500000	0.508000	0.507156	0.477273	0.008800	0.000894	0.087118	8.507965	0.500000	0.015184	0.014313	0.008400	0.999106	0.015206	0.003539	0.507156	225.000000
14.000000	------	------	2.000000	2.500000	0.510200	0.511108	0.730000	0.017000	0.007107	0.159911	6.126731	1.000000	0.029154	0.022216	0.013600	0.992893	0.029324	0.005486	0.511108	242.000000
15.000000	------	------	11.000000	2.818182	0.534291	0.508538	0.586360	0.113818	0.105999	0.269041	2.152562	0.818182	0.096058	0.017077	0.056218	0.894001	0.123075	0.004237	0.508538	235.000000
16.000000	------	------	8.000000	3.375000	0.487750	0.510642	0.658568	0.082150	0.070980	0.260258	2.563164	0.875000	0.083010	0.021283	0.049350	0.929020	0.092263	0.005289	0.510642	233.000000
17.000000	------	------	2.000000	2.500000	0.526200	0.520029	0.618114	0.075000	0.053235	0.246758	1.637432	1.000000	0.086421	0.040059	0.050600	0.946765	0.093294	0.009927	0.520029	221.000000
18.000000	------	------	3.000000	5.333333	0.492133	0.501816	0.496812	0.011467	0.009530	0.099778	1.169437	0.333333	0.013008	0.003631	0.006933	0.990470	0.013161	0.000904	0.501816	229.000000
19.000000	------	------	11.000000	2.454545	0.501055	0.509235	0.598669	0.100618	0.090793	0.241285	INFINITY	0.727273	0.089944	0.018470	0.057564	0.909207	0.109263	0.004601	0.509235	222.000000
20.000000	------	------	5.000000	2.600000	0.517920	0.512142	0.626987	0.033440	0.022398	0.197085	12.573137	0.600000	0.045368	0.024285	0.022080	0.977602	0.046683	0.006040	0.512142	227.000000
21.000000	------	------	2.000000	2.500000	0.510400	0.509878	0.825246	0.017200	0.007207	0.161794	5.743530	1.000000	0.026760	0.019757	0.013800	0.992793	0.026964	0.004906	0.509878	231.000000
22.000000	------	------	5.000000	2.200000	0.526160	0.515715	0.545326	0.184400	0.169961	0.324795	1.435855	0.800000	0.148215	0.031429	0.092080	0.830039	0.201391	0.007796	0.515715	233.000000
23.000000	------	------	2.000000	4.000000	0.499800	0.499892	0.533333	0.002600	0.002679	0.048566	1.256217	0.500000	0.002455	-0.000215	0.001200	0.997321	0.002464	-0.000054	0.499892	225.000000
24.000000	------	------	9.000000	4.111111	0.521156	0.510232	0.664969	0.137911	0.128365	0.277233	INFINITY	0.888889	0.112878	0.020465	0.068756	0.871635	0.148830	0.005085	0.510232	232.000000
25.000000	------	------	2.000000	2.500000	0.509200	0.509901	0.803571	0.016000	0.006466	0.158997	4.268466	1.000000	0.026038	0.019803	0.012600	0.993534	0.026269	0.004882	0.509901	223.000000
26.000000	------	------	9.000000	4.000000	0.496089	0.507590	0.545134	0.035911	0.028117	0.163036	2.224365	0.555556	0.040957	0.015179	0.022933	0.971883	0.043297	0.003769	0.507590	236.000000
27.000000	------	------	2.000000	2.500000	0.507000	0.507890	0.691239	0.012200	0.005055	0.127336	3.407935	1.000000	0.020680	0.015780	0.009600	0.994945	0.020836	0.003909	0.507890	228.000000
28.000000	------	------	8.000000	3.750000	0.513650	0.505859	0.636751	0.024450	0.018903	0.161040	INFINITY	0.875000	0.029657	0.011718	0.014700	0.981097	0.030620	0.002915	0.505859	238.000000
29.000000	------	------	2.000000	3.000000	0.505000	0.505280	0.810000	0.007000	0.002046	0.106650	7.762408	1.000000	0.012583	0.010560	0.006000	0.997954	0.012606	0.002622	0.505280	232.000000
30.000000	------	------	5.000000	4.600000	0.493360	0.510947	0.577532	0.051440	0.039714	0.207518	1.414385	0.800000	0.058008	0.021893	0.032960	0.960286	0.061607	0.005446	0.510947	231.000000
31.000000	------	------	8.000000	2.625000	0.487600	0.506074	0.561227	0.137800	0.131257	0.298877	1.169962	0.625000	0.122116	0.012149	0.077250	0.868743	0.143405	0.003019	0.506074	253.000000
32.000000	------	------	4.000000	2.500000	0.492200	0.509497	0.681452	0.044400	0.034198	0.215403	INFINITY	1.000000	0.051124	0.018994	0.028500	0.965802	0.053193	0.004717	0.509497	228.000000
33.000000	------	------	2.000000	5.500000	0.500800	0.500058	0.661538	0.019600	0.019983	0.139200	5.437941	0.500000	0.019679	0.000116	0.010200	0.980017	0.020098	0.000029	0.500058	223.000000
34.000000	------	------	6.000000	2.666667	0.474867	0.504796	0.688348	0.021533	0.016556	0.143316	2.189028	1.000000	0.025415	0.009593	0.013933	0.983444	0.026149	0.002377	0.504796	224.000000
35.000000	------	------	2.000000	3.000000	0.499000	0.499273	0.407500	0.006600	0.007355	0.072191	0.717402	0.000000	0.005839	-0.001455	0.002800	0.992645	0.005900	-0.000361	0.499273	228.000000
36.000000	------	------	8.000000	2.500000	0.514500	0.502740	0.541569	0.129600	0.126982	0.264688	1.775450	0.625000	0.098004	0.005479	0.060650	0.873018	0.132461	0.001358	0.502740	231.000000
37.000000	------	------	4.000000	4.500000	0.485300	0.504593	0.767587	0.019700	0.014834	0.145337	INFINITY	0.750000	0.023588	0.009185	0.012900	0.985166	0.024019	0.002280	0.504593	229.000000
38.000000	------	------	4.000000	2.750000	0.519300	0.504307	0.603759	0.019700	0.015567	0.145623	1.798539	1.000000	0.023624	0.008614	0.011600	0.984433	0.024181	0.002145	0.504307	225.000000
39.000000	------	------	2.000000	7.000000	0.510600	0.511482	0.774138	0.012600	0.001981	0.132619	11.334813	1.000000	0.024881	0.022964	0.011600	0.998019	0.024945	0.005707	0.511482	231.000000
40.000000	------	------	5.000000	6.400000	0.509120	0.499193	0.464286	0.008160	0.008888	0.077585	0.941648	0.400000	0.007135	-0.001614	0.003360	0.991112	0.007274	-0.000399	0.499193	221.000000
41.000000	------	------	2.000000	3.000000	0.522800	0.520332	0.683624	0.039200	0.017211	0.212564	2.686709	1.000000	0.056695	0.040664	0.031000	0.982789	0.057874	0.010086	0.520332	227.000000
42.000000	------	------	2.000000	6.500000	0.503200	0.502988	0.589744	0.006400	0.003210	0.085009	2.741495	0.500000	0.009158	0.005977	0.004800	0.996790	0.009186	0.001490	0.502988	236.000000
43.000000	------	------	11.000000	2.545455	0.517636	0.514376	0.565337	0.125018	0.111186	0.305975	1.386620	0.818182	0.113645	0.028752	0.067673	0.888814	0.139938	0.007167	0.514376	237.000000
44.000000	------	------	2.000000	10.000000	0.501200	0.501252	0.575000	0.005200	0.004040	0.077609	1.936925	0.500000	0.006521	0.002504	0.003200	0.995960	0.006544	0.000625	0.501252	224.000000
45.000000	------	------	2.000000	3.000000	0.501000	0.501781	0.560676	0.023000	0.021151	0.152123	1.311633	1.000000	0.024022	0.003562	0.012000	0.978849	0.024713	0.000886	0.501781	216.000000
46.000000	------	------	5.000000	2.600000	0.535840	0.516111	0.570954	0.103840	0.089418	0.291695	1.850161	0.600000	0.103459	0.032222	0.054960	0.910582	0.121640	0.007976	0.516111	228.000000
47.000000	------	------	9.000000	2.555556	0.496622	0.512882	0.636729	0.143200	0.129496	0.305818	INFINITY	0.777778	0.126911	0.025765	0.082667	0.870504	0.155261	0.006413	0.512882	225.000000
48.000000	------	------	2.000000	4.500000	0.513400	0.512902	1.000000	0.013400	0.000000	0.143398	INFINITY	1.000000	0.025803	0.025803	0.013400	1.000000	0.025803	0.006436	0.512902	225.000000
49.000000	------	------	2.000000	3.000000	0.528200	0.532688	0.874286	0.045800	0.015257	0.269992	INFINITY	1.000000	0.078161	0.065377	0.037000	0.984743	0.080633	0.015959	0.532688	229.000000
50.000000	------	------	3.000000	5.000000	0.502000	0.513710	0.686873	0.052800	0.037710	0.205765	INFINITY	0.666667	0.060857	0.027421	0.035733	0.962290	0.065131	0.006787	0.513710	225.000000
51.000000	------	------	2.000000	3.000000	0.507000	0.506541	0.562500	0.009800	0.002604	0.101997	INFINITY	0.500000	0.015683	0.013081	0.008400	0.997396	0.015686	0.003252	0.506541	233.000000
52.000000	------	------	2.000000	3.500000	0.511200	0.510549	0.794118	0.014000	0.002529	0.145056	INFINITY	1.000000	0.023600	0.021099	0.012600	0.997471	0.023628	0.005214	0.510549	230.000000
53.000000	------	------	10.000000	2.500000	0.528400	0.508652	0.524552	0.173440	0.165144	0.324608	INFINITY	0.800000	0.133810	0.017304	0.083800	0.834856	0.182448	0.004294	0.508652	236.000000
54.000000	------	------	2.000000	3.500000	0.511000	0.510641	0.916667	0.011800	0.000758	0.140342	INFINITY	1.000000	0.022033	0.021283	0.011400	0.999242	0.022040	0.005304	0.510641	229.000000
55.000000	------	------	2.000000	3.000000	0.522400	0.516187	0.585667	0.078800	0.061251	0.248961	1.426912	1.000000	0.085887	0.032374	0.050600	0.938749	0.093625	0.008026	0.516187	231.000000
56.000000	------	------	2.000000	12.000000	0.503800	0.503920	0.696429	0.009800	0.005945	0.116532	2.301220	1.000000	0.013696	0.007839	0.006800	0.994055	0.013784	0.001950	0.503920	228.000000
57.000000	------	------	8.000000	2.500000	0.526800	0.503858	0.479756	0.058000	0.054424	0.209793	1.065149	0.500000	0.056262	0.007715	0.029050	0.945576	0.062139	0.001919	0.503858	220.000000
58.000000	------	------	5.000000	6.400000	0.522960	0.504202	0.669503	0.010320	0.006248	0.111240	2.706229	0.800000	0.014511	0.008404	0.007040	0.993752	0.014652	0.002092	0.504202	230.000000
59.000000	------	------	2.000000	2.500000	0.514400	0.514263	0.937500	0.016000	0.001513	0.172244	INFINITY	1.000000	0.029999	0.028526	0.015200	0.998487	0.030039	0.007108	0.514263	219.000000
60.000000	------	------	8.000000	2.375000	0.500750	0.510977	0.667311	0.117950	0.106553	0.274951	4.389578	0.875000	0.105119	0.021954	0.067750	0.893447	0.128507	0.005464	0.510977	233.000000
61.000000	------	------	3.000000	5.000000	0.491067	0.503775	0.627778	0.007200	0.003752	0.094759	INFINITY	0.666667	0.011283	0.007551	0.005467	0.996248	0.011303	0.001877	0.503775	234.000000
62.000000	------	------	9.000000	2.666667	0.483689	0.506107	0.574648	0.046622	0.040271	0.201454	1.240591	0.888889	0.049359	0.012215	0.027289	0.959729	0.052486	0.003042	0.506107	237.000000
63.000000	------	------	10.000000	3.200000	0.532360	0.508332	0.514622	0.131640	0.124052	0.286101	1.276302	0.900000	0.108897	0.016663	0.064080	0.875948	0.140715	0.004132	0.508332	231.000000
64.000000	------	------	2.000000	7.000000	0.508000	0.507714	0.700000	0.009200	0.001152	0.109133	INFINITY	0.500000	0.016578	0.015428	0.008600	0.998848	0.016580	0.003850	0.507714	224.000000
65.000000	------	------	12.000000	2.500000	0.518567	0.505705	0.582892	0.122100	0.116501	0.265673	INFINITY	0.833333	0.100043	0.011410	0.061333	0.883499	0.127911	0.002847	0.505705	226.000000
66.000000	------	------	2.000000	2.500000	0.509000	0.508613	0.717391	0.014200	0.004762	0.140470	INFINITY	0.500000	0.021938	0.017226	0.011600	0.995238	0.021988	0.004270	0.508613	229.000000
67.000000	------	------	2.000000	2.500000	0.510800	0.510516	0.757576	0.017200	0.005848	0.159330	INFINITY	1.000000	0.026776	0.021032	0.014000	0.994152	0.026880	0.005211	0.510516	233.000000
68.000000	------	------	2.000000	6.000000	0.501000	0.500580	0.470238	0.006200	0.005545	0.070486	0.948246	0.500000	0.006654	0.001160	0.003600	0.994455	0.006705	0.000288	0.500580	236.000000
69.000000	------	------	6.000000	2.666667	0.485200	0.508474	0.661442	0.038667	0.029938	0.205257	2.341830	0.833333	0.045388	0.016949	0.024733	0.970062	0.046886	0.004212	0.508474	227.000000
70.000000	------	------	8.000000	4.000000	0.530400	0.502015	0.547074	0.043200	0.041199	0.181844	1.671464	0.750000	0.041365	0.004030	0.020900	0.958801	0.045229	0.001000	0.502015	225.000000
71.000000	------	------	8.000000	3.125000	0.483950	0.507327	0.587013	0.052550	0.044755	0.210013	1.404962	0.500000	0.055895	0.014654	0.031750	0.955245	0.059409	0.003644	0.507327	223.000000
72.000000	------	------	2.000000	6.000000	0.503400	0.503186	0.709596	0.006200	0.002787	0.092043	3.381709	1.000000	0.009136	0.006372	0.004800	0.997213	0.009159	0.001579	0.503186	228.000000
73.000000	------	------	2.000000	3.000000	0.507000	0.506750	0.813447	0.009800	0.002714	0.124435	7.791924	1.000000	0.016176	0.013499	0.008400	0.997286	0.016213	0.003348	0.506750	230.000000
74.000000	------	------	2.000000	12.500000	0.500800	0.501012	0.594203	0.006400	0.005394	0.084079	1.495016	1.000000	0.007363	0.002023	0.003600	0.994606	0.007417	0.000503	0.501012	234.000000
75.000000	------	------	11.000000	3.363636	0.485055	0.504102	0.556349	0.147164	0.142831	0.268842	1.245114	0.727273	0.116922	0.008204	0.080836	0.857169	0.151035	0.002040	0.504102	227.000000
76.000000	------	------	3.000000	2.666667	0.513333	0.504524	0.635057	0.028800	0.023917	0.177390	INFINITY	0.333333	0.032007	0.009049	0.016133	0.976083	0.032966	0.002254	0.504524	220.000000
77.000000	------	------	5.000000	2.800000	0.533040	0.510281	0.515459	0.035520	0.025779	0.180039	1.503549	0.800000	0.044524	0.020563	0.022640	0.974221	0.046341	0.005110	0.510281	228.000000
78.000000	------	------	13.000000	2.923077	0.513046	0.509655	0.534000	0.196800	0.187633	0.317807	1.211204	0.769231	0.151271	0.019310	0.103231	0.812367	0.206943	0.004790	0.509655	229.000000
79.000000	------	------	2.000000	3.500000	0.503400	0.503271	0.849265	0.005000	0.001680	0.089835	6.117136	1.000000	0.008208	0.006542	0.004200	0.998320	0.008222	0.001624	0.503271	229.000000
80.000000	------	------	2.000000	3.500000	0.506000	0.505135	0.566667	0.015600	0.009718	0.129047	1.914356	0.500000	0.019812	0.010270	0.010800	0.990282	0.019989	0.002536	0.505135	238.000000
81.000000	------	------	2.000000	2.500000	0.504200	0.506414	0.611347	0.041400	0.035206	0.196869	1.627256	1.000000	0.045179	0.012828	0.022800	0.964794	0.048035	0.003191	0.506414	241.000000
82.000000	------	------	2.000000	6.500000	0.509200	0.508347	0.541667	0.013600	0.003971	0.115454	INFINITY	0.500000	0.020661	0.016694	0.011400	0.996029	0.020665	0.004125	0.508347	232.000000
83.000000	------	------	2.000000	3.500000	0.519600	0.519666	0.990196	0.020000	0.000381	0.199158	INFINITY	1.000000	0.039696	0.039333	0.019800	0.999619	0.039714	0.009810	0.519666	228.000000
84.000000	------	------	2.000000	3.500000	0.518000	0.518212	0.968750	0.019200	0.001083	0.193421	INFINITY	1.000000	0.037454	0.036425	0.018600	0.998917	0.037508	0.009000	0.518212	227.000000
85.000000	------	------	7.000000	3.857143	0.525200	0.511487	0.585131	0.027314	0.016032	0.172195	INFINITY	0.714286	0.038000	0.022974	0.018971	0.983968	0.039006	0.005734	0.511487	234.000000
86.000000	------	------	2.000000	6.500000	0.508800	0.508663	0.842105	0.011200	0.002302	0.136242	INFINITY	1.000000	0.019601	0.017326	0.010000	0.997698	0.019628	0.004324	0.508663	229.000000
87.000000	------	------	3.000000	5.333333	0.509200	0.516718	0.692329	0.053600	0.035789	0.209864	INFINITY	0.666667	0.064491	0.033436	0.036800	0.964211	0.069225	0.008324	0.516718	225.000000
88.000000	------	------	2.000000	3.000000	0.519600	0.520321	0.873626	0.028800	0.008531	0.219581	INFINITY	1.000000	0.048595	0.040641	0.024200	0.991469	0.049173	0.010098	0.520321	228.000000
89.000000	------	------	3.000000	2.666667	0.520400	0.505292	0.641138	0.021600	0.016352	0.157700	2.012851	1.000000	0.026308	0.010584	0.013067	0.983648	0.026936	0.002622	0.505292	225.000000
90.000000	------	------	2.000000	3.000000	0.504400	0.504609	0.856522	0.005600	0.001182	0.094128	7.647688	1.000000	0.010385	0.009219	0.005000	0.998818	0.010401	0.002298	0.504609	231.000000
91.000000	------	------	2.000000	4.500000	0.499600	0.500190	0.700000	0.012800	0.012406	0.108837	INFINITY	0.500000	0.012527	0.000379	0.006200	0.987594	0.012785	0.000094	0.500190	223.000000
92.000000	------	------	10.000000	3.500000	0.533600	0.508951	0.513867	0.185840	0.177514	0.328764	INFINITY	0.700000	0.140542	0.017901	0.087000	0.822486	0.195416	0.004418	0.508951	237.000000
93.000000	------	------	4.000000	5.250000	0.491500	0.516205	0.763292	0.039100	0.021176	0.215394	INFINITY	1.000000	0.052344	0.032410	0.029600	0.978824	0.053586	0.007997	0.516205	224.000000
94.000000	------	------	2.000000	3.500000	0.510200	0.509964	0.852941	0.012200	0.001908	0.141749	INFINITY	1.000000	0.021815	0.019928	0.011200	0.998092	0.021836	0.004970	0.509964	223.000000
95.000000	------	------	6.000000	2.166667	0.528400	0.519440	0.669419	0.129333	0.110386	0.336164	INFINITY	0.833333	0.127569	0.038881	0.071800	0.889614	0.149267	0.009703	0.519440	226.000000
96.000000	------	------	2.000000	2.500000	0.515000	0.514930	0.855556	0.020200	0.004724	0.184834	INFINITY	1.000000	0.034421	0.029860	0.017600	0.995276	0.034584	0.007389	0.514930	231.000000
97.000000	------	------	10.000000	2.600000	0.532800	0.513178	0.567646	0.156000	0.143514	0.291865	INFINITY	0.700000	0.123872	0.026355	0.078560	0.856486	0.169869	0.006548	0.513178	230.000000
98.000000	------	------	2.000000	3.000000	0.514400	0.514263	0.862500	0.018800	0.004023	0.179047	INFINITY	1.000000	0.032426	0.028526	0.016600	0.995977	0.032549	0.007069	0.514263	230.000000
99.000000	------	------	4.000000	4.000000	0.524000	0.504238	0.734375	0.006400	0.001855	0.082369	INFINITY	0.750000	0.010318	0.008476	0.005400	0.998145	0.010330	0.002106	0.504238	226.000000
100.000000	------	------	3.000000	3.000000	0.524000	0.510415	0.838710	0.021600	0.011046	0.174627	INFINITY	1.000000	0.031345	0.020830	0.015600	0.988954	0.031876	0.005169	0.510415	232.000000
101.000000	------	------	2.000000	2.500000	0.515400	0.515513	0.916667	0.018600	0.002996	0.184169	INFINITY	1.000000	0.033904	0.031025	0.017000	0.997004	0.034021	0.007720	0.515513	226.000000
102.000000	------	------	2.000000	7.500000	0.509200	0.509093	0.767857	0.014400	0.005012	0.147644	INFINITY	1.000000	0.023130	0.018185	0.011800	0.994988	0.023197	0.004540	0.509093	246.000000
103.000000	------	------	2.000000	7.000000	0.509800	0.509451	0.789474	0.013000	0.002978	0.141143	INFINITY	1.000000	0.021847	0.018901	0.011400	0.997022	0.021880	0.004699	0.509451	253.000000
104.000000	------	------	2.000000	3.000000	0.515400	0.514928	0.892857	0.017800	0.002203	0.175182	INFINITY	1.000000	0.032009	0.029857	0.016600	0.997797	0.032060	0.007404	0.514928	227.000000
105.000000	------	------	2.000000	3.000000	0.511400	0.510912	0.861111	0.013400	0.001827	0.148113	INFINITY	1.000000	0.023626	0.021824	0.012400	0.998173	0.023651	0.005407	0.510912	253.000000
106.000000	------	------	2.000000	8.000000	0.507200	0.506828	0.727273	0.009600	0.002222	0.115672	INFINITY	0.500000	0.015866	0.013655	0.008400	0.997778	0.015878	0.003392	0.506828	251.000000
107.000000	------	------	2.000000	3.000000	0.513400	0.512875	0.928571	0.014600	0.001081	0.160330	INFINITY	1.000000	0.026810	0.025750	0.014000	0.998919	0.026832	0.006360	0.512875	228.000000
108.000000	------	------	2.000000	3.000000	0.507200	0.506415	0.714286	0.009600	0.002437	0.109368	5.721795	1.000000	0.015233	0.012830	0.008400	0.997563	0.015266	0.003159	0.506415	239.000000
109.000000	------	------	2.000000	3.500000	0.506800	0.506466	0.782570	0.014800	0.008379	0.144196	6.175542	1.000000	0.021119	0.012933	0.010800	0.991621	0.021312	0.003223	0.506466	268.000000
110.000000	------	------	2.000000	3.500000	0.506400	0.506564	0.846561	0.009600	0.003006	0.126691	10.043737	1.000000	0.016075	0.013128	0.008000	0.996994	0.016134	0.003255	0.506564	255.000000
111.000000	------	------	2.000000	6.500000	0.504600	0.503771	0.617347	0.010600	0.006482	0.101604	1.748250	1.000000	0.013899	0.007542	0.007600	0.993518	0.014024	0.001868	0.503771	228.000000
112.000000	------	------	8.000000	2.875000	0.501350	0.507004	0.559524	0.125050	0.117942	0.251962	INFINITY	0.750000	0.103386	0.014008	0.067400	0.882058	0.131950	0.003500	0.507004	253.000000
113.000000	------	------	2.000000	4.000000	0.506200	0.506102	0.826190	0.010200	0.004252	0.127979	12.561674	1.000000	0.016397	0.012204	0.008200	0.995748	0.016457	0.003035	0.506102	229.000000
114.000000	------	------	2.000000	2.500000	0.506800	0.506611	0.682576	0.014800	0.007583	0.139802	6.226772	0.500000	0.020690	0.013223	0.010800	0.992417	0.020806	0.003282	0.506611	228.000000
115.000000	------	------	8.000000	3.625000	0.501150	0.510234	0.626925	0.128150	0.117299	0.278116	1.824581	0.875000	0.111942	0.020467	0.073550	0.882701	0.137766	0.005091	0.510234	227.000000
116.000000	------	------	9.000000	3.000000	0.502267	0.510387	0.564304	0.122356	0.111656	0.271683	1.313773	0.777778	0.108076	0.020774	0.068222	0.888344	0.132430	0.005189	0.510387	222.000000
117.000000	------	------	5.000000	3.600000	0.497760	0.508458	0.662853	0.149280	0.140275	0.260347	INFINITY	1.000000	0.120940	0.016915	0.084080	0.859725	0.157191	0.004208	0.508458	227.000000
118.000000	------	------	2.000000	4.000000	0.501800	0.501795	0.900000	0.002200	0.000374	0.062807	INFINITY	1.000000	0.003962	0.003589	0.002000	0.999626	0.003964	0.000893	0.501795	223.000000
119.000000	------	------	10.000000	2.200000	0.483640	0.506152	0.579733	0.123720	0.117089	0.268962	1.368275	0.600000	0.105136	0.012305	0.069840	0.882911	0.129394	0.003056	0.506152	223.000000
120.000000	------	------	2.000000	6.000000	0.501200	0.501253	0.641414	0.004000	0.002869	0.072215	2.140993	1.000000	0.005359	0.002505	0.002600	0.997131	0.005374	0.000620	0.501253	219.000000
121.000000	------	------	2.000000	3.500000	0.501600	0.500769	0.551971	0.016000	0.015300	0.124693	1.258112	1.000000	0.016559	0.001538	0.008800	0.984700	0.016839	0.000381	0.500769	221.000000
122.000000	------	------	2.000000	3.000000	0.499600	0.498894	0.595588	0.007600	0.008948	0.077450	2.203781	0.500000	0.006663	-0.002212	0.003600	0.991052	0.006736	-0.000546	0.498894	225.000000
123.000000	------	------	2.000000	4.000000	0.499200	0.499370	0.400000	0.006800	0.007505	0.074046	0.755061	0.500000	0.006188	-0.001260	0.003000	0.992495	0.006245	-0.000314	0.499370	223.000000
124.000000	------	------	2.000000	3.500000	0.503600	0.503376	0.814010	0.006400	0.003003	0.097620	5.971022	1.000000	0.009725	0.006752	0.005000	0.996997	0.009756	0.001675	0.503376	224.000000
125.000000	------	------	2.000000	6.500000	0.501200	0.501059	0.633333	0.004000	0.002904	0.068498	1.732062	1.000000	0.005005	0.002117	0.002600	0.997096	0.005021	0.000526	0.501059	225.000000
126.000000	------	------	2.000000	5.500000	0.503600	0.503069	0.586538	0.012400	0.009149	0.113127	1.473409	1.000000	0.015112	0.006137	0.008000	0.990851	0.015287	0.001528	0.503069	229.000000
127.000000	------	------	2.000000	3.000000	0.505400	0.505519	0.787618	0.010200	0.004552	0.124574	10.113729	1.000000	0.015512	0.011038	0.007800	0.995448	0.015590	0.002747	0.505519	222.000000
128.000000	------	------	2.000000	8.500000	0.499200	0.499359	0.250000	0.003600	0.004331	0.038942	0.588850	0.500000	0.003030	-0.001282	0.001400	0.995669	0.003049	-0.000318	0.499359	225.000000
129.000000	------	------	10.000000	2.500000	0.535720	0.512125	0.611384	0.085560	0.074342	0.220418	INFINITY	0.900000	0.077244	0.024249	0.045600	0.925658	0.098592	0.006028	0.512125	221.000000
130.000000	------	------	14.000000	2.571429	0.531857	0.509413	0.537274	0.130200	0.121465	0.299977	1.402885	0.928571	0.112246	0.018825	0.064914	0.878535	0.140290	0.004680	0.509413	228.000000
131.000000	------	------	2.000000	13.000000	0.500000	0.499905	0.500000	0.002000	0.002107	0.041915	1.012369	0.500000	0.001913	-0.000189	0.001000	0.997893	0.001918	-0.000047	0.499905	220.000000
132.000000	------	------	4.000000	4.500000	0.528300	0.512529	0.707128	0.026300	0.014631	0.166301	2.722763	1.000000	0.038205	0.025058	0.018500	0.985369	0.039689	0.006234	0.512529	218.000000
133.000000	------	------	7.000000	2.285714	0.488914	0.511777	0.615192	0.076171	0.063441	0.257978	1.585934	0.857143	0.080543	0.023554	0.046971	0.936559	0.086994	0.005850	0.511777	223.000000
134.000000	------	------	2.000000	4.500000	0.501400	0.501770	0.833333	0.003800	0.002175	0.065084	INFINITY	1.000000	0.005686	0.003539	0.002600	0.997825	0.005715	0.000875	0.501770	224.000000
135.000000	------	------	10.000000	2.900000	0.519680	0.505226	0.502345	0.201280	0.196373	0.304859	1.323125	0.500000	0.143474	0.010453	0.096080	0.803627	0.206826	0.002600	0.505226	235.000000
136.000000	------	------	3.000000	3.333333	0.488933	0.499840	0.425926	0.004000	0.004178	0.056181	0.897692	0.666667	0.003840	-0.000320	0.002000	0.995822	0.003858	-0.000080	0.499840	236.000000
137.000000	------	------	2.000000	7.500000	0.499400	0.499159	0.440741	0.007400	0.008263	0.078263	0.787067	0.000000	0.006522	-0.001681	0.003400	0.991737	0.006581	-0.000418	0.499159	225.000000
138.000000	------	------	13.000000	2.384615	0.480585	0.507537	0.617434	0.109292	0.101119	0.264658	1.573182	0.923077	0.097731	0.015073	0.063046	0.898881	0.116192	0.003741	0.507537	221.000000
139.000000	------	------	9.000000	2.444444	0.522133	0.504431	0.501762	0.124222	0.120113	0.268004	1.266217	0.555556	0.099471	0.008863	0.060267	0.879887	0.128976	0.002206	0.504431	224.000000
140.000000	------	------	2.000000	3.000000	0.509000	0.508649	0.687500	0.017000	0.007225	0.149317	INFINITY	0.500000	0.024429	0.017298	0.013000	0.992775	0.024524	0.004275	0.508649	221.000000
141.000000	------	------	9.000000	2.333333	0.536089	0.513940	0.580875	0.118000	0.104861	0.286041	INFINITY	0.888889	0.104460	0.027880	0.061333	0.895139	0.132741	0.006925	0.513940	228.000000
142.000000	------	------	2.000000	6.000000	0.504400	0.502903	0.585938	0.013600	0.010351	0.107852	1.438011	1.000000	0.015931	0.005805	0.009000	0.989649	0.016156	0.001427	0.502903	224.000000
143.000000	------	------	3.000000	9.000000	0.489200	0.503042	0.929825	0.004000	0.000985	0.080163	INFINITY	1.000000	0.007054	0.006084	0.003467	0.999015	0.007069	0.001511	0.503042	222.000000
144.000000	------	------	9.000000	2.333333	0.484356	0.503745	0.488716	0.164978	0.160895	0.283907	0.943394	0.444444	0.130571	0.007490	0.091467	0.839105	0.168385	0.001858	0.503745	220.000000
145.000000	------	------	5.000000	3.000000	0.471600	0.501202	0.522949	0.014720	0.013292	0.113351	1.139007	0.800000	0.015453	0.002405	0.008640	0.986708	0.015697	0.000595	0.501202	223.000000
146.000000	------	------	12.000000	3.500000	0.484433	0.503905	0.552818	0.116833	0.112677	0.266118	1.130949	0.750000	0.099379	0.007810	0.064133	0.887323	0.120487	0.001944	0.503905	228.000000
147.000000	------	------	2.000000	3.000000	0.498800	0.499364	0.418981	0.012400	0.013058	0.095916	0.752808	0.000000	0.011525	-0.001271	0.005600	0.986942	0.011787	-0.000317	0.499364	214.000000
148.000000	------	------	2.000000	5.000000	0.509400	0.508720	0.750000	0.011400	0.001810	0.125603	INFINITY	1.000000	0.019241	0.017441	0.010400	0.998190	0.019251	0.004312	0.508720	219.000000
149.000000	------	------	9.000000	2.222222	0.503022	0.510770	0.587099	0.261733	0.250391	0.358265	2.716340	0.777778	0.200677	0.021541	0.144044	0.749609	0.271932	0.005366	0.510770	221.000000
150.000000	------	------	10.000000	2.300000	0.501600	0.510099	0.592843	0.215360	0.204862	0.339173	INFINITY	0.800000	0.169023	0.020198	0.117600	0.795138	0.225060	0.005039	0.510099	235.000000
151.000000	------	------	3.000000	7.666667	0.480533	0.502711	0.680848	0.013200	0.010540	0.122180	2.169172	1.000000	0.015774	0.005422	0.008400	0.989460	0.015962	0.001329	0.502711	225.000000
152.000000	------	------	2.000000	4.500000	0.501600	0.501544	0.645299	0.004400	0.002718	0.074509	2.797163	0.500000	0.005792	0.003087	0.003000	0.997282	0.005806	0.000766	0.501544	223.000000
153.000000	------	------	2.000000	5.500000	0.499800	0.500023	0.266667	0.003400	0.003454	0.041722	0.678415	0.500000	0.003478	0.000045	0.001600	0.996546	0.003500	0.000011	0.500023	223.000000
154.000000	------	------	5.000000	2.800000	0.512320	0.501483	0.555124	0.110560	0.109011	0.202434	1.825310	0.800000	0.077523	0.002966	0.053040	0.890989	0.111977	0.000739	0.501483	216.000000
155.000000	------	------	2.000000	7.500000	0.502400	0.502118	0.734375	0.009200	0.007411	0.107494	INFINITY	0.500000	0.011577	0.004235	0.005800	0.992589	0.011646	0.001052	0.502118	221.000000
156.000000	------	------	8.000000	2.625000	0.493900	0.511519	0.595015	0.176100	0.163579	0.318712	1.340433	1.000000	0.150482	0.023038	0.101500	0.836421	0.186616	0.005715	0.511519	219.000000
157.000000	------	------	2.000000	3.500000	0.499200	0.499688	0.473684	0.009200	0.009508	0.087519	0.901244	0.000000	0.008746	-0.000625	0.004200	0.990492	0.008883	-0.000155	0.499688	241.000000
158.000000	------	------	6.000000	4.000000	0.505533	0.517946	0.639592	0.129667	0.110732	0.277480	1.966135	1.000000	0.116966	0.035892	0.077600	0.889268	0.146624	0.008941	0.517946	230.000000
159.000000	------	------	14.000000	2.928571	0.497371	0.505155	0.556755	0.111829	0.106664	0.268374	1.345116	0.500000	0.098324	0.010311	0.062429	0.893336	0.116974	0.002547	0.505155	227.000000
160.000000	------	------	3.000000	9.000000	0.523600	0.512080	0.656922	0.026667	0.015565	0.155638	2.074490	1.000000	0.038140	0.024160	0.018267	0.984435	0.039726	0.005999	0.512080	231.000000
161.000000	------	------	2.000000	3.000000	0.500200	0.500746	0.588680	0.017400	0.016172	0.131781	2.260161	0.500000	0.017337	0.001493	0.008800	0.983828	0.017665	0.000370	0.500746	220.000000
162.000000	------	------	5.000000	4.600000	0.485440	0.505630	0.582669	0.047600	0.041550	0.199334	1.281807	0.800000	0.049549	0.011260	0.028400	0.958450	0.052810	0.002797	0.505630	236.000000
163.000000	------	------	2.000000	7.500000	0.509000	0.508627	0.708333	0.014600	0.005147	0.141495	INFINITY	0.500000	0.022347	0.017254	0.011800	0.994853	0.022401	0.004280	0.508627	237.000000
164.000000	------	------	7.000000	2.142857	0.538057	0.523244	0.600201	0.157029	0.135468	0.330406	1.950043	1.000000	0.139925	0.046489	0.084400	0.864532	0.181957	0.011559	0.523244	226.000000
165.000000	------	------	7.000000	3.857143	0.524800	0.508253	0.548507	0.054514	0.046607	0.217153	1.364704	0.857143	0.058102	0.016506	0.030229	0.953393	0.063113	0.004115	0.508253	228.000000
166.000000	------	------	3.000000	5.333333	0.516400	0.503645	0.629630	0.007733	0.004371	0.095260	2.126569	1.000000	0.011575	0.007291	0.005467	0.995629	0.011661	0.001811	0.503645	251.000000
167.000000	------	------	4.000000	5.250000	0.531800	0.535671	0.499899	0.283800	0.251895	0.386561	1.394918	0.750000	0.220465	0.071342	0.144700	0.748105	0.323237	0.017640	0.535671	230.000000
168.000000	------	------	7.000000	4.000000	0.473943	0.502701	0.649784	0.042629	0.039717	0.172905	INFINITY	0.571429	0.042237	0.005402	0.024571	0.960283	0.045120	0.001339	0.502701	224.000000
169.000000	------	------	2.000000	8.500000	0.500800	0.500806	0.642857	0.002800	0.001980	0.059871	1.843939	1.000000	0.003585	0.001612	0.001800	0.998020	0.003592	0.000400	0.500806	222.000000
170.000000	------	------	3.000000	5.333333	0.516933	0.501672	0.420000	0.004267	0.002833	0.057066	1.675738	0.666667	0.006148	0.003345	0.002800	0.997167	0.006178	0.000829	0.501672	225.000000
171.000000	------	------	2.000000	3.000000	0.508600	0.508408	0.826087	0.015000	0.006867	0.153324	INFINITY	1.000000	0.023549	0.016815	0.011800	0.993133	0.023682	0.004184	0.508408	227.000000
172.000000	------	------	2.000000	3.500000	0.506000	0.505974	0.790345	0.010800	0.005126	0.129595	14.633994	1.000000	0.017010	0.011947	0.008400	0.994874	0.017073	0.002970	0.505974	220.000000
173.000000	------	------	6.000000	3.666667	0.514800	0.505428	0.598924	0.039467	0.034441	0.164075	INFINITY	0.833333	0.041213	0.010856	0.021000	0.965559	0.045297	0.002699	0.505428	227.000000
174.000000	------	------	8.000000	4.125000	0.480850	0.510576	0.616224	0.129250	0.117403	0.267344	2.085498	0.750000	0.113493	0.021153	0.077550	0.882597	0.138555	0.005212	0.510576	218.000000
175.000000	------	------	2.000000	3.500000	0.503200	0.502446	0.595960	0.022400	0.019979	0.149945	1.537526	1.000000	0.024275	0.004892	0.012800	0.980021	0.024872	0.001219	0.502446	236.000000
176.000000	------	------	2.000000	3.000000	0.499600	0.499527	0.416667	0.001600	0.002121	0.033944	0.805427	0.500000	0.001172	-0.000947	0.000600	0.997879	0.001174	-0.000235	0.499527	232.000000
177.000000	------	------	2.000000	3.500000	0.506000	0.506116	0.789050	0.010000	0.004242	0.126302	8.231242	1.000000	0.016423	0.012233	0.008000	0.995758	0.016474	0.003035	0.506116	224.000000
178.000000	------	------	10.000000	3.700000	0.498000	0.505724	0.551256	0.135520	0.129690	0.289612	1.177712	0.800000	0.115382	0.011449	0.074360	0.870310	0.141139	0.002846	0.505724	227.000000
179.000000	------	------	2.000000	3.500000	0.503000	0.503135	0.601852	0.012600	0.009752	0.123444	1.893122	0.500000	0.015876	0.006270	0.007800	0.990248	0.016022	0.001560	0.503135	222.000000
180.000000	------	------	6.000000	2.500000	0.542200	0.511524	0.516829	0.066467	0.055949	0.254988	1.319413	0.833333	0.072587	0.023048	0.035933	0.944051	0.078997	0.005692	0.511524	227.000000
181.000000	------	------	4.000000	3.500000	0.533500	0.504002	0.547917	0.008700	0.004354	0.096499	2.705286	0.500000	0.012305	0.008005	0.006400	0.995646	0.012359	0.001974	0.504002	220.000000
182.000000	------	------	5.000000	4.600000	0.490800	0.502355	0.530042	0.182800	0.180193	0.297147	1.053404	0.600000	0.144345	0.004710	0.101440	0.819807	0.184903	0.001166	0.502355	227.000000
183.000000	------	------	4.000000	4.250000	0.526500	0.504106	0.669807	0.012900	0.008860	0.128070	3.522084	1.000000	0.016860	0.008211	0.008100	0.991140	0.017071	0.002035	0.504106	240.000000
184.000000	------	------	18.000000	2.222222	0.508356	0.510427	0.547995	0.170978	0.160432	0.331350	1.414224	0.722222	0.140006	0.020855	0.089667	0.839568	0.181287	0.005187	0.510427	224.000000
185.000000	------	------	7.000000	2.142857	0.494514	0.513348	0.683413	0.134400	0.120170	0.300204	INFINITY	1.000000	0.120427	0.026696	0.079314	0.879830	0.146866	0.006628	0.513348	226.000000
186.000000	------	------	2.000000	8.000000	0.503000	0.503963	0.615779	0.013800	0.010139	0.119557	1.618120	1.000000	0.017728	0.007927	0.008400	0.989861	0.018066	0.001966	0.503963	227.000000
187.000000	------	------	2.000000	7.000000	0.503400	0.503038	0.795833	0.005800	0.002594	0.088408	4.006315	1.000000	0.008643	0.006075	0.004600	0.997406	0.008670	0.001502	0.503038	222.000000
188.000000	------	------	7.000000	3.714286	0.533714	0.514152	0.648753	0.135200	0.122204	0.281774	5.900002	1.000000	0.113342	0.028304	0.068743	0.877796	0.150509	0.007021	0.514152	225.000000
189.000000	------	------	2.000000	3.500000	0.506800	0.506717	0.807292	0.011200	0.004517	0.133658	4.444713	1.000000	0.017874	0.013434	0.009000	0.995483	0.017952	0.003339	0.506717	233.000000
190.000000	------	------	2.000000	7.500000	0.500800	0.501050	0.772727	0.004800	0.003768	0.069792	INFINITY	1.000000	0.005825	0.002101	0.002800	0.996232	0.005869	0.000523	0.501050	248.000000
191.000000	------	------	2.000000	8.000000	0.500800	0.501554	0.611860	0.012000	0.010493	0.106297	1.673616	1.000000	0.013337	0.003107	0.006400	0.989507	0.013600	0.000772	0.501554	239.000000
192.000000	------	------	4.000000	3.000000	0.523300	0.501278	0.424020	0.009500	0.008218	0.087506	1.053587	0.750000	0.010620	0.002555	0.005200	0.991782	0.010773	0.000634	0.501278	238.000000
193.000000	------	------	3.000000	3.000000	0.492000	0.499583	0.522031	0.008133	0.008600	0.086217	1.150290	0.333333	0.007694	-0.000835	0.004000	0.991400	0.007766	-0.000208	0.499583	239.000000
194.000000	------	------	8.000000	3.625000	0.525100	0.510551	0.551796	0.102900	0.092864	0.243866	1.361815	1.000000	0.087836	0.021103	0.054100	0.907136	0.113967	0.005261	0.510551	237.000000
195.000000	------	------	9.000000	2.777778	0.489778	0.503096	0.528238	0.120889	0.117632	0.254708	1.155321	0.555556	0.098732	0.006192	0.064978	0.882368	0.123823	0.001544	0.503096	221.000000
196.000000	------	------	7.000000	2.428571	0.507086	0.517861	0.564781	0.196629	0.177577	0.323059	1.303168	0.714286	0.164214	0.035721	0.113714	0.822423	0.213298	0.008891	0.517861	222.000000
197.000000	------	------	2.000000	11.500000	0.500400	0.500446	0.583333	0.002000	0.001617	0.048864	1.635276	0.500000	0.002504	0.000891	0.001200	0.998383	0.002508	0.000220	0.500446	242.000000
198.000000	------	------	2.000000	3.000000	0.508000	0.508902	0.478261	0.009600	0.001614	0.098461	13.271845	0.500000	0.019383	0.017803	0.008800	0.998386	0.019417	0.004412	0.508902	220.000000
199.000000	------	------	2.000000	3.000000	0.520000	0.520111	0.946360	0.022400	0.002423	0.206166	17.870593	1.000000	0.042541	0.040222	0.021200	0.997577	0.042645	0.009961	0.520111	223.000000
200.000000	------	------	2.000000	5.000000	0.513800	0.506742	0.295756	0.075400	0.068021	0.187640	0.599121	0.500000	0.073259	0.013485	0.044600	0.931979	0.081506	0.003341	0.506742	220.000000
201.000000	------	------	2.000000	3.000000	0.503000	0.503129	0.609083	0.013800	0.010772	0.129306	1.573664	1.000000	0.016840	0.006258	0.008400	0.989228	0.017030	0.001555	0.503129	225.000000
202.000000	------	------	2.000000	3.000000	0.501600	0.501552	0.663636	0.005200	0.003701	0.082339	2.185211	1.000000	0.006781	0.003104	0.003400	0.996299	0.006805	0.000772	0.501552	228.000000
203.000000	------	------	10.000000	2.500000	0.529160	0.510178	0.524391	0.157160	0.147675	0.286558	1.440503	0.700000	0.121784	0.020357	0.077640	0.852325	0.168031	0.005058	0.510178	231.000000
204.000000	------	------	7.000000	4.857143	0.473600	0.501110	0.578937	0.024514	0.023320	0.140659	1.648327	0.428571	0.024680	0.002221	0.013771	0.976680	0.025541	0.000551	0.501110	229.000000
205.000000	------	------	3.000000	1.666667	0.541200	0.527683	0.612800	0.091733	0.066555	0.329160	1.754919	1.000000	0.112275	0.055367	0.056800	0.933445	0.121922	0.013655	0.527683	217.000000
206.000000	------	------	2.000000	3.000000	0.508600	0.509080	0.718065	0.016200	0.008131	0.154584	7.485489	0.500000	0.026155	0.018160	0.012400	0.991869	0.026291	0.004493	0.509080	225.000000
207.000000	------	------	5.000000	4.200000	0.504160	0.509082	0.756956	0.046320	0.036635	0.197304	INFINITY	1.000000	0.051362	0.018164	0.029520	0.963365	0.054799	0.004508	0.509082	228.000000
208.000000	------	------	2.000000	2.500000	0.514000	0.513823	0.965517	0.014800	0.000733	0.167845	INFINITY	1.000000	0.028359	0.027646	0.014400	0.999267	0.028379	0.006854	0.513823	218.000000
209.000000	------	------	10.000000	2.300000	0.524960	0.504753	0.540087	0.164160	0.159410	0.292230	INFINITY	0.600000	0.121094	0.009506	0.077760	0.840590	0.168915	0.002360	0.504753	225.000000
210.000000	------	------	2.000000	3.500000	0.505000	0.505108	0.785000	0.009000	0.003899	0.118408	3.927310	1.000000	0.014055	0.010217	0.007000	0.996101	0.014116	0.002539	0.505108	221.000000
211.000000	------	------	9.000000	2.555556	0.521289	0.504584	0.609962	0.033644	0.029052	0.172918	INFINITY	0.666667	0.035870	0.009169	0.018444	0.970948	0.038221	0.002287	0.504584	225.000000
212.000000	------	------	2.000000	3.000000	0.509600	0.509105	0.812500	0.010800	0.001120	0.125450	INFINITY	1.000000	0.019325	0.018210	0.010200	0.998880	0.019330	0.004529	0.509105	223.000000
213.000000	------	------	8.000000	2.375000	0.530650	0.503941	0.485835	0.054450	0.050859	0.205902	1.204309	0.625000	0.053206	0.007882	0.026950	0.949141	0.058741	0.001957	0.503941	228.000000
214.000000	------	------	2.000000	3.000000	0.508000	0.507587	0.833333	0.008800	0.000747	0.113576	INFINITY	1.000000	0.015919	0.015174	0.008400	0.999253	0.015921	0.003775	0.507587	223.000000
215.000000	------	------	2.000000	3.500000	0.503800	0.503548	0.596077	0.015800	0.011955	0.135569	1.615249	1.000000	0.018837	0.007097	0.009800	0.988045	0.019052	0.001758	0.503548	222.000000
216.000000	------	------	7.000000	2.428571	0.524457	0.510131	0.568502	0.196286	0.186942	0.319177	INFINITY	1.000000	0.145809	0.020262	0.094514	0.813058	0.207205	0.005026	0.510131	228.000000
217.000000	------	------	3.000000	3.000000	0.522133	0.507217	0.655286	0.027333	0.020238	0.181829	2.330842	1.000000	0.033860	0.014434	0.017067	0.979762	0.034672	0.003578	0.507217	225.000000
218.000000	------	------	3.000000	5.333333	0.514267	0.499346	0.452804	0.012667	0.013219	0.101954	0.919555	0.333333	0.011649	-0.001309	0.005600	0.986781	0.011910	-0.000324	0.499346	226.000000
219.000000	------	------	2.000000	3.000000	0.508600	0.508505	0.888258	0.011400	0.003056	0.141423	16.136603	1.000000	0.020014	0.017010	0.010000	0.996944	0.020066	0.004201	0.508505	231.000000
220.000000	------	------	2.000000	3.500000	0.504200	0.504726	0.584936	0.009400	0.005137	0.105368	2.530012	0.500000	0.014492	0.009452	0.006800	0.994863	0.014589	0.002348	0.504726	225.000000
221.000000	------	------	9.000000	4.111111	0.493556	0.510025	0.595925	0.136356	0.125702	0.290456	1.405876	0.777778	0.119363	0.020050	0.077556	0.874298	0.145753	0.004992	0.510025	228.000000
222.000000	------	------	9.000000	3.444444	0.523733	0.506640	0.475802	0.187289	0.181216	0.324965	1.043631	0.666667	0.141189	0.013280	0.089022	0.818784	0.194496	0.003296	0.506640	227.000000
223.000000	------	------	8.000000	3.250000	0.493250	0.511667	0.509702	0.152450	0.139821	0.281483	1.057393	0.625000	0.130863	0.023335	0.088300	0.860179	0.163156	0.005794	0.511667	224.000000
224.000000	------	------	3.000000	3.000000	0.490800	0.505610	0.865657	0.008800	0.003485	0.104049	INFINITY	1.000000	0.014566	0.011220	0.006933	0.996515	0.014705	0.002784	0.505610	221.000000
225.000000	------	------	11.000000	2.545455	0.508182	0.517600	0.598952	0.144582	0.127001	0.296398	1.621718	0.909091	0.126520	0.035201	0.081782	0.872999	0.162202	0.008745	0.517600	223.000000
226.000000	------	------	2.000000	8.000000	0.502600	0.502818	0.691667	0.007800	0.004962	0.102262	2.485688	1.000000	0.010533	0.005635	0.005200	0.995038	0.010598	0.001394	0.502818	223.000000
227.000000	------	------	2.000000	7.500000	0.501000	0.500979	0.750000	0.002600	0.001661	0.059953	INFINITY	0.500000	0.003615	0.001958	0.001800	0.998339	0.003620	0.000489	0.500979	222.000000
228.000000	------	------	12.000000	3.500000	0.518867	0.510648	0.553945	0.140800	0.130819	0.279476	1.518849	0.833333	0.113472	0.021296	0.070733	0.869181	0.152115	0.005296	0.510648	226.000000
229.000000	------	------	2.000000	4.500000	0.501800	0.501674	0.704545	0.002600	0.000805	0.057811	4.881910	1.000000	0.004150	0.003348	0.002200	0.999195	0.004153	0.000832	0.501674	216.000000
230.000000	------	------	8.000000	3.375000	0.499950	0.509142	0.657435	0.102350	0.092909	0.238211	3.151989	1.000000	0.087682	0.018283	0.057450	0.907091	0.111192	0.004566	0.509142	225.000000
231.000000	------	------	2.000000	3.000000	0.512800	0.512498	0.838710	0.016800	0.003658	0.166274	INFINITY	1.000000	0.028572	0.024995	0.014800	0.996342	0.028653	0.006194	0.512498	222.000000
232.000000	------	------	2.000000	4.500000	0.500400	0.500104	0.269231	0.010800	0.010670	0.073016	0.549793	0.500000	0.010679	0.000208	0.005600	0.989330	0.010878	0.000052	0.500104	230.000000
233.000000	------	------	2.000000	4.000000	0.503200	0.502887	0.642857	0.006400	0.003324	0.084722	2.172837	1.000000	0.009060	0.005774	0.004800	0.996676	0.009098	0.001437	0.502887	224.000000
234.000000	------	------	2.000000	2.000000	0.501000	0.501259	0.527778	0.020600	0.019433	0.146179	1.121561	1.000000	0.021499	0.002518	0.010800	0.980567	0.021951	0.000624	0.501259	223.000000
235.000000	------	------	2.000000	7.000000	0.503800	0.503619	0.750000	0.006600	0.002788	0.098088	3.665290	1.000000	0.009999	0.007237	0.005200	0.997212	0.010025	0.001792	0.503619	225.000000
236.000000	------	------	2.000000	3.000000	0.509600	0.508954	0.690476	0.014800	0.004636	0.139696	INFINITY	0.500000	0.022502	0.017908	0.012200	0.995364	0.022545	0.004411	0.508954	225.000000
237.000000	------	------	2.000000	8.000000	0.500000	0.499982	0.507937	0.003200	0.003242	0.056520	1.094898	0.500000	0.003196	-0.000036	0.001600	0.996758	0.003206	-0.000009	0.499982	228.000000
238.000000	------	------	2.000000	3.000000	0.501200	0.501373	0.647727	0.006000	0.004625	0.083956	2.006784	1.000000	0.007324	0.002746	0.003600	0.995375	0.007371	0.000684	0.501373	225.000000
239.000000	------	------	4.000000	2.750000	0.518800	0.507995	0.662781	0.031800	0.024106	0.184088	2.321536	1.000000	0.038486	0.015990	0.019200	0.975894	0.040096	0.003988	0.507995	227.000000
240.000000	------	------	10.000000	2.400000	0.493240	0.515403	0.619664	0.166120	0.149808	0.339027	3.054130	0.900000	0.149336	0.030805	0.098080	0.850192	0.180614	0.007636	0.515403	220.000000
241.000000	------	------	6.000000	3.833333	0.468533	0.501455	0.568309	0.027467	0.025824	0.150425	1.164934	0.833333	0.027699	0.002909	0.015600	0.974176	0.028733	0.000719	0.501455	223.000000
242.000000	------	------	9.000000	2.333333	0.536222	0.508915	0.529466	0.134444	0.126403	0.294738	1.620389	0.777778	0.110822	0.017830	0.064489	0.873597	0.144233	0.004406	0.508915	223.000000
243.000000	------	------	9.000000	2.444444	0.532711	0.510959	0.595459	0.117733	0.107421	0.273794	2.110549	0.888889	0.099845	0.021919	0.059822	0.892579	0.129340	0.005445	0.510959	224.000000
244.000000	------	------	7.000000	3.142857	0.522057	0.501732	0.559338	0.032686	0.030981	0.169353	INFINITY	0.571429	0.032701	0.003464	0.016229	0.969019	0.034445	0.000863	0.501732	225.000000
245.000000	------	------	15.000000	2.600000	0.506987	0.513403	0.565035	0.199547	0.186761	0.326729	1.425588	0.933333	0.155560	0.026805	0.104800	0.813239	0.213567	0.006645	0.513403	225.000000
246.000000	------	------	5.000000	1.600000	0.520800	0.533258	0.657206	0.130400	0.096551	0.381383	1.964531	1.000000	0.148948	0.066516	0.083760	0.903449	0.163067	0.016580	0.533258	223.000000
247.000000	------	------	8.000000	3.375000	0.479450	0.508146	0.632949	0.089250	0.080293	0.275421	INFINITY	0.875000	0.088822	0.016293	0.053100	0.919707	0.096586	0.004032	0.508146	228.000000
248.000000	------	------	2.000000	3.500000	0.513800	0.513751	0.894737	0.017000	0.002930	0.173830	INFINITY	1.000000	0.030339	0.027502	0.015400	0.997070	0.030432	0.006817	0.513751	223.000000
249.000000	------	------	2.000000	3.500000	0.510800	0.510362	0.772727	0.014800	0.003685	0.148920	INFINITY	1.000000	0.024364	0.020725	0.012800	0.996315	0.024409	0.005143	0.510362	224.000000
250.000000	------	------	2.000000	7.000000	0.511200	0.510610	0.875000	0.012000	0.000745	0.134387	INFINITY	1.000000	0.021960	0.021220	0.011600	0.999255	0.021965	0.005276	0.510610	234.000000
251.000000	------	------	2.000000	3.000000	0.511600	0.511206	0.863396	0.015600	0.004097	0.160486	6.415777	1.000000	0.026400	0.022411	0.013600	0.995903	0.026509	0.005563	0.511206	220.000000
252.000000	------	------	3.000000	2.666667	0.502133	0.513906	0.575980	0.071333	0.055833	0.252263	1.309761	0.666667	0.078553	0.027812	0.046133	0.944167	0.083645	0.006865	0.513906	224.000000
253.000000	------	------	4.000000	11.250000	0.473400	0.498826	0.466123	0.006200	0.007505	0.069435	0.841772	0.250000	0.005120	-0.002349	0.002800	0.992495	0.005157	-0.000581	0.498826	223.000000
254.000000	------	------	2.000000	11.000000	0.500000	0.500000	0.500000	0.003600	0.003692	0.059451	1.356677	0.500000	0.003680	0.000000	0.001800	0.996308	0.003692	-0.000000	0.500000	222.000000
255.000000	------	------	4.000000	7.750000	0.528000	0.511477	0.482730	0.026000	0.015423	0.150473	1.630012	0.500000	0.037262	0.022954	0.017900	0.984577	0.038377	0.005708	0.511477	225.000000
256.000000	------	------	10.000000	2.400000	0.484720	0.509810	0.616488	0.143520	0.132871	0.270617	1.560396	0.800000	0.119604	0.019619	0.083480	0.867129	0.152490	0.004859	0.509810	219.000000
257.000000	------	------	6.000000	3.833333	0.510200	0.514519	0.589224	0.206067	0.191060	0.319020	1.493537	1.000000	0.162673	0.029039	0.113733	0.808940	0.220099	0.007252	0.514519	246.000000
258.000000	------	------	4.000000	3.000000	0.493900	0.507882	0.730608	0.024300	0.015985	0.153422	INFINITY	0.750000	0.030946	0.015765	0.016800	0.984015	0.031749	0.003926	0.507882	233.000000
259.000000	------	------	7.000000	2.571429	0.537771	0.512414	0.552741	0.137429	0.126397	0.269639	1.702363	0.857143	0.111579	0.024828	0.067314	0.873603	0.151225	0.006127	0.512414	248.000000
260.000000	------	------	3.000000	6.000000	0.508000	0.500428	0.458974	0.004800	0.004432	0.063146	1.123380	0.666667	0.005248	0.000857	0.002533	0.995568	0.005288	0.000214	0.500428	225.000000
261.000000	------	------	2.000000	3.500000	0.500000	0.500038	0.461039	0.003600	0.003627	0.057777	1.143663	0.500000	0.003690	0.000076	0.001800	0.996373	0.003703	0.000019	0.500038	224.000000
262.000000	------	------	9.000000	2.111111	0.488222	0.508197	0.531356	0.117689	0.108864	0.274909	1.043391	0.666667	0.103880	0.016393	0.067111	0.891136	0.125257	0.004077	0.508197	258.000000
263.000000	------	------	3.000000	8.333333	0.485200	0.501891	0.574677	0.012133	0.010496	0.116081	1.604783	0.666667	0.014144	0.003781	0.007200	0.989504	0.014277	0.000935	0.501891	243.000000
264.000000	------	------	3.000000	3.000000	0.524133	0.508066	0.463109	0.027600	0.020512	0.146781	1.131821	0.333333	0.034782	0.016133	0.016267	0.979488	0.036645	0.003980	0.508066	238.000000
265.000000	------	------	6.000000	2.500000	0.481000	0.503338	0.569968	0.038467	0.034968	0.186607	1.282507	0.833333	0.039864	0.006676	0.021867	0.965032	0.041644	0.001660	0.503338	226.000000
266.000000	------	------	8.000000	2.500000	0.529050	0.515255	0.590401	0.225350	0.211346	0.373387	6.853817	0.750000	0.174127	0.030510	0.110100	0.788654	0.241856	0.007564	0.515255	242.000000
267.000000	------	------	2.000000	10.000000	0.500200	0.499979	0.592391	0.006200	0.006358	0.078882	2.070223	0.500000	0.006276	-0.000042	0.003200	0.993642	0.006316	-0.000010	0.499979	230.000000
268.000000	------	------	2.000000	3.500000	0.503800	0.504178	0.643763	0.013000	0.009030	0.128385	1.843318	1.000000	0.017198	0.008357	0.008400	0.990970	0.017386	0.002075	0.504178	234.000000
269.000000	------	------	2.000000	11.500000	0.501000	0.500961	0.637500	0.002600	0.001550	0.056852	3.406417	0.500000	0.003467	0.001922	0.001800	0.998450	0.003472	0.000478	0.500961	235.000000
270.000000	------	------	2.000000	2.500000	0.509800	0.510545	0.887255	0.011400	0.001548	0.132288	11.462857	1.000000	0.022583	0.021090	0.010600	0.998452	0.022638	0.005242	0.510545	222.000000
271.000000	------	------	2.000000	3.000000	0.499800	0.499890	0.642857	0.001800	0.001833	0.040087	INFINITY	0.500000	0.001610	-0.000219	0.000800	0.998167	0.001613	-0.000054	0.499890	250.000000
272.000000	------	------	2.000000	7.500000	0.499200	0.496527	0.504185	0.042000	0.045847	0.175117	1.044441	0.500000	0.036617	-0.006946	0.020600	0.954153	0.038901	-0.001725	0.496527	263.000000
273.000000	------	------	2.000000	2.500000	0.504800	0.505196	0.704878	0.013200	0.008025	0.134349	2.583676	1.000000	0.018233	0.010392	0.009000	0.991975	0.018417	0.002569	0.505196	233.000000
274.000000	------	------	2.000000	8.000000	0.501800	0.501595	0.604567	0.009000	0.007399	0.100753	1.547793	1.000000	0.010505	0.003190	0.005400	0.992601	0.010589	0.000795	0.501595	243.000000
275.000000	------	------	2.000000	3.000000	0.498000	0.498465	0.461290	0.007200	0.008573	0.069990	0.909970	0.500000	0.005423	-0.003069	0.002600	0.991427	0.005504	-0.000761	0.498465	224.000000
276.000000	------	------	8.000000	2.125000	0.515500	0.506770	0.563344	0.211400	0.204925	0.340551	1.715537	0.625000	0.157656	0.013540	0.103550	0.795075	0.218464	0.003376	0.506770	232.000000
277.000000	------	------	3.000000	6.000000	0.509200	0.502090	0.524444	0.006000	0.003996	0.079758	2.348286	0.666667	0.008145	0.004181	0.004000	0.996004	0.008177	0.001043	0.502090	227.000000
278.000000	------	------	5.000000	2.200000	0.534960	0.523219	0.681167	0.143840	0.122064	0.310682	3.646480	1.000000	0.128801	0.046437	0.078720	0.877936	0.168501	0.011550	0.523219	231.000000
279.000000	------	------	2.000000	3.000000	0.503800	0.504225	0.716981	0.015800	0.011169	0.139274	INFINITY	0.500000	0.019368	0.008450	0.009800	0.988831	0.019619	0.002101	0.504225	234.000000
280.000000	------	------	2.000000	3.000000	0.505000	0.504773	0.833333	0.005800	0.000745	0.094810	INFINITY	1.000000	0.010289	0.009547	0.005400	0.999255	0.010292	0.002374	0.504773	252.000000
281.000000	------	------	2.000000	4.500000	0.504800	0.504424	0.700000	0.006000	0.001085	0.088359	INFINITY	0.500000	0.009931	0.008849	0.005400	0.998915	0.009934	0.002187	0.504424	236.000000
282.000000	------	------	10.000000	2.400000	0.531720	0.510429	0.608080	0.154360	0.144698	0.276134	INFINITY	0.900000	0.117652	0.020859	0.075760	0.855302	0.165557	0.005176	0.510429	228.000000
283.000000	------	------	2.000000	3.000000	0.506000	0.506734	0.630760	0.018000	0.011958	0.151250	2.085984	0.500000	0.025079	0.013469	0.012000	0.988042	0.025427	0.003335	0.506734	224.000000
284.000000	------	------	2.000000	3.500000	0.505600	0.504801	0.640000	0.010800	0.005575	0.105100	2.076758	1.000000	0.015061	0.009602	0.008200	0.994425	0.015176	0.002380	0.504801	226.000000
285.000000	------	------	7.000000	2.571429	0.494114	0.504763	0.590215	0.162114	0.157094	0.305271	INFINITY	0.714286	0.132136	0.009526	0.087829	0.842906	0.166619	0.002374	0.504763	226.000000
286.000000	------	------	2.000000	2.500000	0.503000	0.502334	0.615862	0.016600	0.014514	0.136671	1.809907	0.500000	0.018914	0.004668	0.009800	0.985486	0.019182	0.001154	0.502334	225.000000
287.000000	------	------	2.000000	3.500000	0.501200	0.501798	0.536565	0.029200	0.027386	0.171180	1.162160	1.000000	0.029993	0.003597	0.015200	0.972614	0.030982	0.000896	0.501798	231.000000
288.000000	------	------	5.000000	2.800000	0.484240	0.506420	0.576118	0.036320	0.029366	0.184563	1.297561	0.600000	0.040689	0.012839	0.022640	0.970634	0.042205	0.003188	0.506420	224.000000
289.000000	------	------	10.000000	2.000000	0.528040	0.512049	0.550574	0.190920	0.179726	0.355522	1.511085	0.900000	0.152788	0.024099	0.094280	0.820274	0.203825	0.005990	0.512049	220.000000
290.000000	------	------	3.000000	3.333333	0.487467	0.499258	0.507937	0.013867	0.014901	0.114054	1.236692	0.333333	0.013239	-0.001483	0.006800	0.985099	0.013418	-0.000369	0.499258	221.000000
291.000000	------	------	2.000000	9.000000	0.502400	0.502448	0.775000	0.004400	0.001981	0.082645	3.464670	1.000000	0.006863	0.004897	0.003400	0.998019	0.006877	0.001216	0.502448	225.000000
292.000000	------	------	7.000000	1.857143	0.501486	0.523167	0.658835	0.170800	0.147070	0.364022	INFINITY	1.000000	0.161139	0.046335	0.103143	0.852930	0.193405	0.011479	0.523167	223.000000
293.000000	------	------	2.000000	3.000000	0.513200	0.512712	0.500000	0.013200	0.000000	0.112747	INFINITY	0.500000	0.025424	0.025424	0.013200	1.000000	0.025424	0.006347	0.512712	225.000000
294.000000	------	------	3.000000	3.333333	0.522533	0.507811	0.818182	0.009733	0.001473	0.117451	INFINITY	0.666667	0.017088	0.015623	0.008933	0.998527	0.017096	0.003877	0.507811	227.000000
295.000000	------	------	2.000000	3.500000	0.508000	0.507552	0.730769	0.010800	0.002566	0.122931	INFINITY	1.000000	0.017654	0.015104	0.009400	0.997434	0.017670	0.003745	0.507552	225.000000
296.000000	------	------	7.000000	3.000000	0.533543	0.516716	0.536899	0.183714	0.168024	0.312730	INFINITY	0.714286	0.143442	0.033432	0.091771	0.831976	0.201456	0.008284	0.516716	232.000000
297.000000	------	------	4.000000	4.750000	0.529000	0.504860	0.598529	0.013800	0.008558	0.123461	INFINITY	0.750000	0.018115	0.009721	0.009100	0.991442	0.018279	0.002407	0.504860	222.000000
298.000000	------	------	5.000000	2.600000	0.535200	0.508353	0.589513	0.068960	0.060576	0.257529	INFINITY	0.800000	0.069971	0.016706	0.035280	0.939424	0.077282	0.004124	0.508353	223.000000
299.000000	------	------	2.000000	2.500000	0.510800	0.510505	0.814815	0.014800	0.003636	0.153681	INFINITY	1.000000	0.024580	0.021010	0.012800	0.996364	0.024646	0.005200	0.510505	224.000000
300.000000	------	------	2.000000	3.000000	0.513000	0.512390	0.833333	0.013400	0.000380	0.130806	INFINITY	1.000000	0.025160	0.024781	0.013200	0.999620	0.025161	0.006178	0.512390	226.000000
301.000000	------	------	6.000000	2.833333	0.533200	0.514179	0.710335	0.057467	0.043728	0.253291	INFINITY	1.000000	0.067255	0.028358	0.034133	0.956272	0.072087	0.007058	0.514179	228.000000
302.000000	------	------	2.000000	2.500000	0.516800	0.516815	0.976190	0.017600	0.000754	0.185354	INFINITY	1.000000	0.034354	0.033629	0.017200	0.999246	0.034383	0.008375	0.516815	229.000000
303.000000	------	------	2.000000	3.000000	0.509600	0.509191	0.739130	0.014400	0.004386	0.143701	INFINITY	1.000000	0.022717	0.018382	0.012000	0.995614	0.022768	0.004555	0.509191	225.000000
304.000000	------	------	2.000000	2.500000	0.508200	0.507828	0.672414	0.015800	0.006835	0.141963	INFINITY	0.500000	0.022414	0.015656	0.012000	0.993165	0.022490	0.003865	0.507828	225.000000
305.000000	------	------	4.000000	4.750000	0.528200	0.513227	0.686370	0.023600	0.010714	0.154876	INFINITY	0.750000	0.036075	0.026454	0.017900	0.989286	0.037168	0.006586	0.513227	232.000000
306.000000	------	------	2.000000	2.500000	0.508200	0.507945	0.720000	0.013800	0.005181	0.138902	INFINITY	0.500000	0.021013	0.015890	0.011000	0.994819	0.021071	0.003946	0.507945	226.000000
307.000000	------	------	2.000000	2.500000	0.519200	0.519305	1.000000	0.019200	0.000000	0.196393	INFINITY	1.000000	0.038610	0.038610	0.019200	1.000000	0.038610	0.009583	0.519305	230.000000
308.000000	------	------	2.000000	2.500000	0.520800	0.521140	0.991803	0.021200	0.000373	0.205299	INFINITY	1.000000	0.042631	0.042280	0.021000	0.999627	0.042653	0.010515	0.521140	228.000000
309.000000	------	------	2.000000	3.500000	0.500400	0.500524	0.508117	0.010000	0.009776	0.101422	1.226594	0.500000	0.010720	0.001048	0.005200	0.990224	0.010824	0.000260	0.500524	222.000000
310.000000	------	------	7.000000	2.714286	0.533029	0.503641	0.583745	0.047771	0.044277	0.211508	INFINITY	0.714286	0.048189	0.007281	0.023543	0.955723	0.051559	0.001804	0.503641	227.000000
311.000000	------	------	2.000000	2.500000	0.506800	0.507696	0.675926	0.014400	0.007560	0.140248	2.943532	0.500000	0.022741	0.015392	0.010600	0.992440	0.022952	0.003800	0.507696	223.000000
312.000000	------	------	2.000000	3.000000	0.501200	0.500695	0.506452	0.007200	0.006416	0.079544	1.055917	0.500000	0.007744	0.001390	0.004200	0.993584	0.007806	0.000344	0.500695	228.000000
313.000000	------	------	2.000000	7.500000	0.503600	0.504027	0.656250	0.014400	0.010373	0.133648	2.029108	1.000000	0.018186	0.008054	0.009000	0.989627	0.018427	0.002000	0.504027	227.000000
314.000000	------	------	9.000000	3.555556	0.535644	0.513257	0.551589	0.136933	0.124809	0.282354	1.498333	1.000000	0.114673	0.026514	0.069022	0.875191	0.151322	0.006576	0.513257	225.000000
315.000000	------	------	14.000000	3.071429	0.481657	0.503585	0.589499	0.175943	0.172030	0.310887	1.653714	0.642857	0.142169	0.007170	0.097314	0.827970	0.179200	0.001779	0.503585	223.000000
316.000000	------	------	2.000000	8.000000	0.502400	0.501139	0.608844	0.020800	0.019649	0.127893	1.682402	1.000000	0.021280	0.002279	0.011600	0.980351	0.021928	0.000567	0.501139	223.000000
317.000000	------	------	9.000000	2.555556	0.525378	0.511424	0.510565	0.238889	0.228504	0.364422	1.228499	0.888889	0.175182	0.022848	0.114089	0.771496	0.251352	0.005663	0.511424	219.000000
318.000000	------	------	5.000000	5.200000	0.529280	0.499780	0.607030	0.012160	0.012375	0.099518	INFINITY	0.400000	0.011664	-0.000441	0.005600	0.987625	0.011934	-0.000109	0.499780	225.000000
319.000000	------	------	2.000000	3.000000	0.501000	0.501382	0.610614	0.012600	0.011102	0.115712	1.905420	0.500000	0.013663	0.002763	0.006800	0.988898	0.013866	0.000688	0.501382	224.000000
320.000000	------	------	4.000000	4.750000	0.536300	0.518047	0.569450	0.054700	0.038298	0.208637	1.655500	0.750000	0.068100	0.036094	0.033800	0.961702	0.074392	0.008944	0.518047	228.000000
321.000000	------	------	2.000000	3.000000	0.516800	0.517228	0.990000	0.017200	0.000365	0.185132	INFINITY	1.000000	0.034801	0.034455	0.017000	0.999635	0.034820	0.008534	0.517228	223.000000
322.000000	------	------	3.000000	3.333333	0.510533	0.503663	0.785714	0.004267	0.000512	0.077514	INFINITY	1.000000	0.007837	0.007327	0.004000	0.999488	0.007839	0.001829	0.503663	225.000000
323.000000	------	------	3.000000	9.000000	0.518667	0.504481	0.690909	0.010933	0.006609	0.124033	2.432190	1.000000	0.015451	0.008961	0.007467	0.993391	0.015570	0.002223	0.504481	224.000000
324.000000	------	------	2.000000	7.000000	0.506600	0.505919	0.659524	0.014200	0.007839	0.131223	2.217093	1.000000	0.019514	0.011837	0.010400	0.992161	0.019676	0.002936	0.505919	223.000000
325.000000	------	------	3.000000	3.000000	0.487200	0.502170	0.542221	0.026667	0.024047	0.164039	1.197489	0.666667	0.027775	0.004341	0.014933	0.975953	0.028387	0.001075	0.502170	224.000000
326.000000	------	------	5.000000	3.000000	0.490560	0.499520	0.457863	0.020080	0.020301	0.127911	0.884037	0.600000	0.018907	-0.000960	0.010400	0.979699	0.019342	-0.000237	0.499520	222.000000
327.000000	------	------	5.000000	6.200000	0.495520	0.501176	0.668535	0.008480	0.007267	0.091212	INFINITY	1.000000	0.009530	0.002353	0.005040	0.992733	0.009619	0.000586	0.501176	224.000000
328.000000	------	------	15.000000	3.066667	0.500667	0.506596	0.555618	0.146827	0.140164	0.293711	1.271094	0.733333	0.119719	0.013192	0.077867	0.859836	0.153356	0.003276	0.506596	221.000000
329.000000	------	------	2.000000	8.000000	0.502400	0.502386	0.787879	0.004000	0.001566	0.079132	5.648351	1.000000	0.006329	0.004773	0.003200	0.998434	0.006339	0.001191	0.502386	220.000000
330.000000	------	------	4.000000	2.500000	0.502500	0.502770	0.575848	0.024300	0.021543	0.161705	1.611041	0.500000	0.026456	0.005540	0.013400	0.978457	0.027083	0.001377	0.502770	230.000000
331.000000	------	------	11.000000	3.909091	0.488364	0.507960	0.538149	0.176909	0.168272	0.307506	1.082175	0.727273	0.145751	0.015919	0.099818	0.831728	0.184191	0.003952	0.507960	226.000000
332.000000	------	------	2.000000	3.500000	0.498000	0.498339	0.655172	0.006000	0.007536	0.057191	INFINITY	0.500000	0.004149	-0.003323	0.002000	0.992464	0.004213	-0.000828	0.498339	222.000000
333.000000	------	------	12.000000	3.166667	0.488567	0.506185	0.555522	0.115300	0.108783	0.255627	1.473651	0.833333	0.099745	0.012370	0.065133	0.891217	0.121153	0.003073	0.506185	230.000000
334.000000	------	------	2.000000	2.500000	0.501200	0.500824	0.549865	0.014800	0.014028	0.122270	1.247969	0.500000	0.015441	0.001648	0.008000	0.985972	0.015676	0.000411	0.500824	222.000000
335.000000	------	------	6.000000	3.333333	0.483267	0.497007	0.282169	0.013800	0.017313	0.085161	0.646933	0.333333	0.011099	-0.005986	0.005400	0.982687	0.011327	-0.001486	0.497007	224.000000
336.000000	------	------	2.000000	2.500000	0.500600	0.501002	0.732143	0.012600	0.011530	0.109451	INFINITY	0.500000	0.013268	0.002003	0.006600	0.988470	0.013533	0.000500	0.501002	226.000000
337.000000	------	------	9.000000	2.333333	0.491333	0.509263	0.619719	0.155778	0.145885	0.325663	INFINITY	0.888889	0.134909	0.018527	0.088178	0.854115	0.164411	0.004605	0.509263	225.000000
338.000000	------	------	2.000000	7.500000	0.500400	0.500556	0.505556	0.005600	0.005209	0.076127	1.225349	0.500000	0.006284	0.001112	0.003000	0.994791	0.006321	0.000276	0.500556	223.000000
339.000000	------	------	2.000000	2.500000	0.505400	0.504248	0.738235	0.014600	0.010083	0.120502	3.282059	1.000000	0.018312	0.008497	0.010000	0.989917	0.018580	0.002105	0.504248	220.000000
340.000000	------	------	10.000000	3.200000	0.478640	0.502487	0.536005	0.111200	0.108491	0.236028	1.080808	0.700000	0.091693	0.004974	0.061400	0.891509	0.113465	0.001235	0.502487	222.000000
341.000000	------	------	2.000000	8.000000	0.503000	0.503068	0.621228	0.012200	0.009291	0.123105	1.723948	1.000000	0.015285	0.006135	0.007600	0.990709	0.015427	0.001524	0.503068	223.000000
342.000000	------	------	2.000000	6.500000	0.503200	0.502500	0.525641	0.008400	0.005620	0.085878	1.345690	0.500000	0.010538	0.004999	0.005800	0.994380	0.010619	0.001237	0.502500	226.000000
343.000000	------	------	3.000000	6.333333	0.488667	0.500197	0.759529	0.006800	0.006609	0.076055	INFINITY	0.666667	0.006938	0.000395	0.003733	0.993391	0.007004	0.000098	0.500197	230.000000
344.000000	------	------	6.000000	4.166667	0.528867	0.508473	0.564303	0.059400	0.051542	0.203018	1.623495	0.833333	0.061456	0.016947	0.031733	0.948458	0.068488	0.004213	0.508473	236.000000
345.000000	------	------	5.000000	3.600000	0.527840	0.503169	0.645278	0.028240	0.025326	0.146979	INFINITY	1.000000	0.029863	0.006337	0.014480	0.974674	0.031663	0.001571	0.503169	233.000000
346.000000	------	------	10.000000	2.900000	0.529760	0.508187	0.493976	0.234480	0.227209	0.379516	1.392746	0.700000	0.171509	0.016374	0.106200	0.772791	0.243583	0.004025	0.508187	259.000000
347.000000	------	------	2.000000	6.500000	0.499200	0.499226	0.468148	0.010400	0.010959	0.095639	1.008479	0.500000	0.009316	-0.001548	0.004800	0.989041	0.009411	-0.000385	0.499226	240.000000
348.000000	------	------	3.000000	2.333333	0.492800	0.509067	0.688624	0.023200	0.013125	0.171425	2.795790	0.666667	0.030900	0.018133	0.016667	0.986875	0.031259	0.004484	0.509067	243.000000
349.000000	------	------	9.000000	2.111111	0.521022	0.515376	0.579521	0.147689	0.132576	0.327870	1.618474	0.888889	0.129365	0.030753	0.077556	0.867424	0.163329	0.007637	0.515376	227.000000
350.000000	------	------	10.000000	3.200000	0.518640	0.513035	0.602234	0.088720	0.076204	0.240913	1.797136	0.900000	0.081295	0.026071	0.048320	0.923796	0.102275	0.006443	0.513035	223.000000
351.000000	------	------	2.000000	3.000000	0.506600	0.506407	0.653846	0.013800	0.006762	0.130952	INFINITY	0.500000	0.019523	0.012813	0.010200	0.993238	0.019575	0.003190	0.506407	222.000000
352.000000	------	------	11.000000	3.636364	0.526182	0.510033	0.518160	0.099418	0.090115	0.233780	1.275540	0.727273	0.085765	0.020067	0.051091	0.909885	0.110181	0.004990	0.510033	224.000000
353.000000	------	------	12.000000	3.083333	0.483633	0.507856	0.580348	0.134567	0.126046	0.251991	1.327369	0.750000	0.111373	0.015712	0.076933	0.873954	0.141757	0.003899	0.507856	222.000000
354.000000	------	------	10.000000	2.700000	0.527720	0.508692	0.502259	0.154120	0.146102	0.266192	INFINITY	0.700000	0.118009	0.017384	0.075400	0.853898	0.163487	0.004320	0.508692	220.000000
355.000000	------	------	3.000000	6.000000	0.520667	0.505771	0.573391	0.020800	0.015657	0.144279	2.567077	0.666667	0.026433	0.011541	0.012267	0.984343	0.027198	0.002856	0.505771	217.000000
356.000000	------	------	4.000000	9.250000	0.484300	0.502118	0.624939	0.008300	0.006217	0.096877	1.621009	1.000000	0.010359	0.004236	0.005200	0.993783	0.010453	0.001054	0.502118	224.000000
357.000000	------	------	3.000000	9.000000	0.491067	0.501809	0.621266	0.009333	0.007544	0.099244	1.662781	1.000000	0.011022	0.003619	0.005467	0.992456	0.011163	0.000901	0.501809	224.000000
358.000000	------	------	3.000000	2.666667	0.529733	0.510523	0.710712	0.031867	0.022797	0.179417	9.848966	1.000000	0.041387	0.021047	0.018933	0.977203	0.043844	0.005155	0.510523	219.000000
359.000000	------	------	2.000000	3.500000	0.509200	0.509662	0.751894	0.014000	0.005079	0.146783	13.948538	1.000000	0.024335	0.019323	0.011600	0.994921	0.024402	0.004802	0.509662	228.000000
360.000000	------	------	2.000000	7.500000	0.501000	0.500867	0.583333	0.004200	0.003281	0.068469	1.440544	1.000000	0.004997	0.001734	0.002600	0.996719	0.005015	0.000431	0.500867	222.000000
361.000000	------	------	10.000000	2.900000	0.484400	0.509607	0.587994	0.191440	0.180675	0.329863	1.249123	0.800000	0.160166	0.019213	0.111760	0.819325	0.199888	0.004735	0.509607	224.000000
362.000000	------	------	2.000000	3.500000	0.509400	0.509071	0.916667	0.009800	0.000382	0.123006	INFINITY	1.000000	0.018522	0.018142	0.009600	0.999618	0.018524	0.004525	0.509071	221.000000
363.000000	------	------	3.000000	6.000000	0.511333	0.498786	0.355556	0.006667	0.007838	0.066230	0.596985	0.000000	0.005331	-0.002428	0.002533	0.992162	0.005410	-0.000603	0.498786	223.000000
364.000000	------	------	2.000000	6.500000	0.507400	0.508017	0.744302	0.013400	0.005832	0.136724	3.227605	1.000000	0.021682	0.016034	0.010400	0.994168	0.021866	0.003989	0.508017	225.000000
365.000000	------	------	3.000000	3.666667	0.518800	0.504013	0.623656	0.016800	0.013163	0.126062	1.831607	1.000000	0.020594	0.008027	0.009600	0.986837	0.021189	0.001987	0.504013	221.000000
366.000000	------	------	12.000000	2.916667	0.537000	0.507182	0.531821	0.141133	0.134699	0.292743	INFINITY	0.583333	0.113866	0.014364	0.066567	0.865301	0.149063	0.003549	0.507182	223.000000
367.000000	------	------	2.000000	6.000000	0.506200	0.503454	0.662293	0.037800	0.034219	0.170140	2.336146	1.000000	0.039044	0.006908	0.022000	0.965781	0.041127	0.001716	0.503454	224.000000
368.000000	------	------	4.000000	3.000000	0.488200	0.503128	0.598125	0.023600	0.020770	0.160014	2.709093	0.750000	0.026545	0.006255	0.013800	0.979230	0.027025	0.001558	0.503128	224.000000
369.000000	------	------	2.000000	4.500000	0.505000	0.504410	0.531977	0.009400	0.004587	0.094979	2.061766	0.500000	0.013329	0.008820	0.007200	0.995413	0.013407	0.002191	0.504410	224.000000
370.000000	------	------	4.000000	10.500000	0.479500	0.502540	0.612572	0.018100	0.015369	0.132510	1.480181	0.750000	0.020063	0.005081	0.011100	0.984631	0.020450	0.001258	0.502540	228.000000
371.000000	------	------	2.000000	7.000000	0.503600	0.504043	0.704545	0.013200	0.008935	0.129527	4.753098	1.000000	0.016826	0.008086	0.008400	0.991065	0.017021	0.002004	0.504043	217.000000
372.000000	------	------	2.000000	8.000000	0.501000	0.500801	0.545455	0.006600	0.005725	0.083563	1.227941	1.000000	0.007286	0.001602	0.003800	0.994275	0.007327	0.000397	0.500801	221.000000
373.000000	------	------	10.000000	2.000000	0.523720	0.517722	0.610176	0.200840	0.183862	0.352217	2.667109	0.900000	0.161921	0.035443	0.102120	0.816138	0.219305	0.008769	0.517722	224.000000
374.000000	------	------	2.000000	11.500000	0.502000	0.501835	0.678571	0.003200	0.001236	0.061939	3.171357	1.000000	0.004899	0.003670	0.002600	0.998764	0.004906	0.000913	0.501835	229.000000
375.000000	------	------	7.000000	2.142857	0.483429	0.499076	0.503989	0.206114	0.207118	0.321735	0.887214	0.285714	0.158345	-0.001849	0.113200	0.792882	0.205269	-0.000457	0.499076	223.000000
376.000000	------	------	2.000000	3.000000	0.498200	0.499637	0.500000	0.025000	0.025305	0.146924	1.001180	0.500000	0.023619	-0.000727	0.011600	0.974695	0.024579	-0.000180	0.499637	243.000000
377.000000	------	------	3.000000	2.333333	0.530133	0.510443	0.728205	0.016800	0.006313	0.158257	8.765867	0.666667	0.027046	0.020885	0.013333	0.993687	0.027199	0.005144	0.510443	224.000000
378.000000	------	------	11.000000	2.909091	0.488073	0.509001	0.586541	0.181455	0.171628	0.337684	1.337387	0.636364	0.153373	0.018002	0.103418	0.828372	0.189630	0.004463	0.509001	223.000000
379.000000	------	------	3.000000	5.666667	0.490267	0.503386	0.664437	0.011467	0.007827	0.116951	2.999233	1.000000	0.014484	0.006772	0.007733	0.992173	0.014599	0.001681	0.503386	220.000000
380.000000	------	------	8.000000	2.375000	0.531700	0.507165	0.469479	0.112600	0.106128	0.257698	1.153680	0.625000	0.092466	0.014329	0.054600	0.893872	0.120458	0.003551	0.507165	220.000000
381.000000	------	------	12.000000	3.250000	0.538133	0.508508	0.473336	0.079933	0.072167	0.211282	1.115354	0.583333	0.069650	0.017016	0.040700	0.927833	0.089183	0.004221	0.508508	221.000000
382.000000	------	------	2.000000	3.500000	0.514600	0.514296	0.942308	0.015800	0.001123	0.169793	INFINITY	1.000000	0.029690	0.028592	0.015200	0.998877	0.029715	0.007114	0.514296	215.000000
383.000000	------	------	2.000000	3.500000	0.517600	0.517761	0.969388	0.018800	0.001116	0.191119	INFINITY	1.000000	0.036586	0.035521	0.018200	0.998884	0.036637	0.008830	0.517761	223.000000
384.000000	------	------	2.000000	2.500000	0.510800	0.510772	0.785714	0.018000	0.006682	0.166040	INFINITY	1.000000	0.028065	0.021543	0.014400	0.993318	0.028225	0.005353	0.510772	225.000000
385.000000	------	------	11.000000	2.727273	0.516473	0.513516	0.610964	0.178836	0.166032	0.330588	INFINITY	0.909091	0.144721	0.027032	0.092255	0.833968	0.193064	0.006716	0.513516	227.000000
386.000000	------	------	2.000000	3.500000	0.507800	0.507514	0.800000	0.009400	0.001513	0.119278	INFINITY	1.000000	0.016532	0.015028	0.008600	0.998487	0.016541	0.003744	0.507514	226.000000
387.000000	------	------	4.000000	4.750000	0.472300	0.499707	0.551398	0.004500	0.004815	0.063302	1.303412	0.500000	0.004208	-0.000586	0.002300	0.995185	0.004230	-0.000145	0.499707	222.000000
388.000000	------	------	2.000000	2.500000	0.502600	0.502979	0.628801	0.013800	0.010656	0.127931	1.943208	1.000000	0.016404	0.005959	0.008200	0.989344	0.016615	0.001474	0.502979	230.000000
389.000000	------	------	2.000000	2.500000	0.503200	0.502148	0.730458	0.012000	0.009877	0.111814	4.401199	1.000000	0.014001	0.004296	0.007600	0.990123	0.014173	0.001059	0.502148	228.000000
390.000000	------	------	2.000000	3.500000	0.510600	0.509819	1.000000	0.010600	0.000000	0.130562	INFINITY	1.000000	0.019637	0.019637	0.010600	1.000000	0.019637	0.004841	0.509819	224.000000
391.000000	------	------	8.000000	2.375000	0.524750	0.511724	0.593038	0.202550	0.191319	0.344235	INFINITY	0.875000	0.154552	0.023447	0.099850	0.808681	0.214766	0.005830	0.511724	227.000000
392.000000	------	------	2.000000	3.000000	0.520400	0.520679	0.956897	0.022400	0.001821	0.207390	INFINITY	1.000000	0.043075	0.041358	0.021400	0.998179	0.043179	0.010239	0.520679	224.000000
393.000000	------	------	4.000000	3.750000	0.526500	0.503439	0.586237	0.010300	0.006584	0.106726	INFINITY	0.750000	0.013357	0.006878	0.006700	0.993416	0.013462	0.001704	0.503439	228.000000
394.000000	------	------	2.000000	2.500000	0.510800	0.509862	0.634921	0.013200	0.002485	0.118917	6.527863	0.500000	0.022143	0.019723	0.012000	0.997515	0.022208	0.004896	0.509862	224.000000
395.000000	------	------	9.000000	2.333333	0.496800	0.514110	0.600966	0.186400	0.171104	0.319085	1.394293	0.888889	0.156406	0.028220	0.108089	0.828896	0.199324	0.007004	0.514110	220.000000
396.000000	------	------	2.000000	4.000000	0.502400	0.502117	0.666667	0.004000	0.001691	0.067143	2.672954	1.000000	0.005912	0.004234	0.003200	0.998309	0.005924	0.001049	0.502117	217.000000
397.000000	------	------	4.000000	5.250000	0.477000	0.500976	0.544792	0.009800	0.008721	0.096003	1.109707	0.500000	0.010569	0.001953	0.005800	0.991279	0.010673	0.000483	0.500976	224.000000
398.000000	------	------	2.000000	4.000000	0.506800	0.505901	0.646552	0.012000	0.005609	0.106412	2.211322	1.000000	0.017261	0.011802	0.009400	0.994391	0.017411	0.002930	0.505901	220.000000
